11525
11725
11365
11120
11145
11330
11540
11270
11115
11575
10945
11355
11405
11075
11600
11130
11230
11575
11540
11865
11300
11590
11355
11380
10825
11025
11050
11225
11125
10900
11300
11435
11425
11055
11650
11640
11245
11295
11100
11130
11365
11470
11080
11580
11140
11210
11610
11485
11365
11300
11185
11350
11275
11220
11650
11415
10785
11375
11360
11320
11545
11585
11355
11770
11165
11365
11405
11105
11560
11005
11325
11680
11150
11310
11195
11500
11315
11025
10700
11485
11425
11240
11195
11485
11005
11140
11400
11780
10885
11505
11400
11250
11160
11395
11510
11265
10945
11195
10775
11150
