23100
26700
19600
19650
20850
22850
24200
23250
24100
20250
26300
23400
22200
22050
26550
23000
21600
17750
21700
22100
20600
21050
24200
24850
24250
23100
24250
21850
22850
23700
22450
20400
20950
20400
23000
21700
24600
19550
23900
25050
19200
22600
24000
25100
23450
23000
26800
24850
24500
24300
22650
17850
25000
20550
18100
17500
21750
21900
22700
21750
21750
22350
25250
22250
23150
22650
19700
22000
18850
23000
21100
21750
24750
25350
21450
18800
27200
20700
23150
22450
22300
23000
21400
23350
24500
23750
27250
19100
23900
20150
23850
23100
18750
22800
22650
28250
22700
24100
21600
22850
