11650
14150
11825
13400
13250
13450
12875
12600
14750
13900
14900
14375
15600
13850
12800
14800
14775
10900
12025
14000
12275
14475
10625
12225
11925
15075
14500
12050
12025
12875
12625
12225
13875
15075
12400
9875
13750
13975
10900
13700
13175
13525
11650
14750
12050
14075
12975
11575
15600
11875
14075
13350
12050
14825
14500
14750
12800
14250
13700
15300
11500
13675
10675
14175
13175
14150
12075
14025
11925
12850
14625
12100
13875
12350
12700
15125
12975
14350
12450
13975
12050
15225
13750
13450
12875
13975
14225
13600
12050
13750
16475
12975
12150
15800
13425
12975
13650
13225
12150
15500
