10247
10305
10315
10480
10272
10385
10345
10167
10465
10255
10472
10295
10377
10325
10367
10157
10577
10117
10530
10495
10357
10327
10427
10322
10532
10320
10457
10190
10045
10480
10145
10390
10257
10340
10370
10400
10377
10250
10270
10295
10295
10552
10405
10367
10405
10360
10270
10090
10430
10270
10357
10487
10330
10437
10457
10035
10377
10385
10597
10465
10247
10527
10417
10315
10400
10342
10507
10462
10297
10267
10235
10170
10252
10527
10205
10275
10257
10317
10457
10390
10197
10430
10437
10362
10210
10172
10340
10487
10370
10227
10435
10132
10250
10380
10367
10337
10360
10570
10445
9665
