10810
10345
10960
10575
10980
10660
10180
10550
10580
10460
10915
10435
10505
10795
10875
11045
10680
10705
10415
10655
10270
10645
10575
10615
10670
10605
10325
10585
10215
10705
10715
10745
10875
10620
10550
10740
10490
10930
10820
10845
10335
11000
10335
10775
10840
10995
10840
10885
11150
10500
10750
11090
10840
10685
10355
10910
10525
11025
10935
10835
10245
10665
10660
10805
10605
10600
10470
10370
11180
10480
10445
10600
10500
10650
10525
10980
11125
10665
10980
10890
10725
10475
10245
10465
10620
10680
11070
10685
10985
10850
10650
11025
11110
10215
10700
10605
10650
10280
10965
10590
