9355
9162
9460
9095
9455
9167
9120
9212
9160
9507
9367
9212
9102
9147
9447
9442
9337
9385
9305
9657
9335
9377
9095
8900
9135
9237
9087
9115
8997
9405
9372
9197
9295
9277
9590
9397
9432
9260
9335
9332
9317
9492
9070
9202
9222
9195
9702
9340
9187
9150
9530
9305
9372
9255
9337
9310
9225
9382
9105
9082
9157
9362
9320
9252
9332
9275
9342
9467
9267
9345
9300
9347
9492
9065
9287
9125
9377
9247
9405
9267
9630
9120
9110
9472
9195
9150
9205
9477
9480
9045
9185
9087
9577
9182
9350
9442
9340
9130
9297
9430
9315
9267
9195
9120
9375
9277
9060
9107
9227
9105
9247
9377
9275
9125
9342
9300
9370
9525
9535
9147
9245
9372
9610
9300
9432
9295
9420
9447
9450
9387
9272
9232
9577
9405
9250
9462
9127
9142
9200
9030
9360
9082
9225
9342
9205
9102
9695
9120
9087
9207
