8545
8450
8465
8785
8650
9335
8355
8595
8765
9000
8215
8240
8360
8465
8665
9175
8540
8945
8325
8695
8245
8380
8645
8455
8455
8265
8720
8550
8945
8720
9265
9145
8790
8805
8715
8240
8505
8700
8605
8750
8045
8630
8355
8765
8820
7760
8660
8075
8450
8870
8020
8445
8360
8425
8485
8800
8405
8110
8400
8110
8630
8740
8730
8720
8945
8715
8255
8435
8775
8210
8450
8645
8520
8605
8445
8710
8680
8325
8435
8525
8280
8615
8960
8955
8310
8630
8830
8910
8565
8765
8535
8495
8405
8435
8890
8395
8795
8480
8825
8345
