9245
8870
8985
9295
8570
8835
8060
8185
8525
8370
8725
9390
8590
9445
8845
8760
8860
9195
8675
8795
8870
8370
8635
7915
8750
8350
8565
9235
8860
8120
8865
8900
8065
8545
8535
9345
8960
8470
8340
8140
7985
8810
8480
8565
8950
8430
8605
8745
8320
9150
8855
8635
8595
8180
8180
8240
8775
8645
9260
8615
7750
9015
8730
8745
8790
8390
8400
8875
9040
8820
8300
8660
8120
8280
8105
9060
8335
8775
8585
9090
8755
9350
8475
8345
8915
8480
8740
8295
8030
8575
8645
8900
9140
8910
8845
8620
8585
9070
8210
9015
