0.0887807
0.0549344
0.0530089
0.0578895
0.102867
0.0756407
0.0840372
0.0599349
0.0638901
0.0635263
0.0812233
0.0697362
0.0586819
0.0712405
0.0750618
0.0804096
0.0724163
0.0592845
0.0601853
0.0608808
0.0659305
0.0666727
0.0589898
0.0760036
0.103906
0.0783216
0.0740281
0.0843386
0.0675094
0.0531255
0.0640658
0.0519686
0.0521837
0.0630328
0.0651833
0.0554032
0.0511122
0.106173
0.0738803
0.076672
0.0630066
0.0673198
0.101797
0.10138
0.0577138
0.0657293
0.0527643
0.112353
0.0614588
0.0569067
0.0661136
0.0666678
0.0666514
0.053844
0.0540624
0.0621855
0.0608652
0.0760127
0.0560125
0.0720739
0.0529203
0.0512181
0.0825215
0.0796945
0.0516755
0.0614555
0.0513725
0.0568993
0.0523759
0.0516024
0.052013
0.052022
0.0516254
0.0595859
0.0527725
0.0511344
0.0647998
0.0677049
0.0587032
0.0508946
0.0889827
0.0507049
0.0536395
0.0704095
0.0581096
0.0612182
0.0552743
0.0552242
0.0600744
0.0788216
0.0583296
0.0605613
0.0611443
0.0642259
0.0710188
0.064735
0.0631954
0.0642111
0.0571998
0.0566012
