0.169642
0.158491
0.147404
0.14633
0.153806
0.145961
0.146211
0.157561
0.171408
0.150056
0.147161
0.146922
0.146275
0.146762
0.147633
0.153759
0.150906
0.146875
0.153637
0.150638
0.152591
0.149708
0.156163
0.153461
0.16439
0.14969
0.149965
0.145412
0.145695
0.150942
0.150282
0.160808
0.152142
0.153458
0.155309
0.150414
0.167857
0.159704
0.165126
0.147483
0.145743
0.176437
0.153834
0.152631
0.145557
0.150147
0.167057
0.156437
0.147982
0.146613
0.172284
0.158424
0.161721
0.155523
0.151017
0.146199
0.146933
0.145749
0.155191
0.152313
0.149914
0.147454
0.147179
0.14656
0.148667
0.151888
0.146773
0.160342
0.149254
0.150502
0.145454
0.153766
0.14594
0.146203
0.146581
0.153788
0.147437
0.162563
0.147258
0.162776
0.155834
0.15872
0.156248
0.149573
0.152138
0.149318
0.150847
0.152065
0.151839
0.148075
0.146775
0.145651
0.152118
0.161485
0.152072
0.16134
0.153015
0.146471
0.163408
0.15239
