0.0590843
0.0608927
0.0619802
0.0610873
0.0584779
0.0605725
0.0579602
0.0675637
0.0527503
0.0632673
0.0573969
0.0785926
0.0588182
0.0632936
0.056848
0.0597403
0.0670489
0.0561484
0.0794051
0.0636939
0.0638392
0.0580218
0.0747565
0.05333
0.0705348
0.0530927
0.0627086
0.0559867
0.056919
0.0766803
0.0618415
0.0665012
0.0678958
0.0674286
0.0568591
0.0603996
0.054503
0.05364
0.0554214
0.0623612
0.0634709
0.0640088
0.0611694
0.0605922
0.0621826
0.0567909
0.0616145
0.0641295
0.0566883
0.0565881
0.0599866
0.0703115
0.0588925
0.0690507
0.0531375
0.0535657
0.0528205
0.0541051
0.0610401
0.0536043
0.061426
0.0624475
0.061013
0.0547665
0.0613977
0.0610397
0.0587809
0.0540193
0.0523045
0.0564838
0.0583256
0.0528821
0.0573649
0.0530209
0.0670214
0.0527048
0.0526214
0.0527479
0.0549656
0.0595301
0.056006
0.0551565
0.0582993
0.0687493
0.0560093
0.074724
0.0570512
0.0622767
0.0544508
0.0557486
0.0965528
0.0569141
0.0589184
0.0583444
0.053642
0.0586413
0.0569367
0.0547903
0.0555839
0.0796461
0.0955634
0.0532467
0.0520512
0.0519297
0.0527306
0.0525639
0.0674467
0.056396
0.0699822
0.0897353
0.0903581
0.0851778
0.0539146
0.0895649
0.0699715
0.0522113
0.0524092
0.052373
0.0519658
0.0521801
0.0527992
0.156419
0.0549644
0.0588638
0.0518508
0.0532274
0.0526411
0.053943
0.0635489
0.0770678
0.0685851
0.0861881
0.0541556
0.0601398
0.0553405
0.135526
0.0672808
0.0528444
0.052995
0.0573563
0.0527158
0.0515125
0.0530669
0.0627262
0.0707729
0.0529026
0.0524445
0.0627591
0.0541047
0.0541224
0.0574659
0.0556472
0.0671659
0.0941766
0.0538022
0.0623518
0.0521813
0.0690343
0.0601849
0.0897866
