0.0592484
0.0560059
0.0663271
0.0577836
0.070513
0.0580972
0.0527421
0.0594052
0.0556192
0.0546602
0.0568237
0.056579
0.0566718
0.0532397
0.0532717
0.054303
0.0646299
0.0518758
0.0519563
0.0978981
0.0631478
0.0557284
0.0533448
0.0531617
0.0540476
0.0577007
0.0525417
0.0608413
0.0575373
0.0547956
0.0553761
0.0536042
0.0538292
0.0862345
0.0580307
0.0548153
0.0725583
0.0561012
0.0611312
0.0681212
0.0554558
0.0577097
0.0548728
0.0593814
0.0660955
0.0522453
0.059425
0.0589241
0.0666604
0.0667934
0.0661341
0.0526362
0.0581178
0.0523759
0.0516533
0.0682772
0.0541067
0.0534671
0.0525245
0.0518003
0.0524383
0.0548917
0.0667228
0.0521066
0.0538949
0.0566981
0.0595785
0.0558401
0.0551881
0.0566956
0.0922301
0.0521599
0.0531395
0.0607223
0.0610483
0.0546207
0.0530229
0.0513002
0.0532068
0.0565848
0.0531773
0.0551988
0.0566415
0.0622692
0.058305
0.0637406
0.0605154
0.0617306
0.0583723
0.0542981
0.077333
0.05383
0.0605556
0.0539622
0.0525672
0.0540723
0.0751234
0.0535312
0.0601188
0.0616288
0.0720378
0.0187546
0.0173785
0.0232361
0.016926
0.0201086
0.0137123
0.0134577
0.0135981
0.0142591
0.0146664
0.0141466
0.0142805
0.0158381
0.0147304
0.0160532
0.01353
0.0174696
0.0139873
0.0137476
0.0142263
0.0131367
0.018349
0.0140087
0.0160877
0.0142427
0.0139561
0.0188573
0.013608
0.0138987
0.0141902
0.0148782
0.0159407
0.0156147
0.0139389
0.0147616
0.0140538
0.0130628
0.0144742
0.0142181
0.0157839
0.0156591
0.0161706
0.0213673
0.0161862
0.017821
0.0152173
0.0177652
0.0133387
0.013498
0.0140892
0.0174269
0.0211054
0.0139914
0.0177463
0.0139348
0.0147912
0.0138814
0.0202794
0.0132303
0.0137722
0.0366988
0.0135472
0.0408133
0.0160943
0.017954
0.0136269
0.0137903
0.0133674
0.0154916
0.0164588
0.013507
0.0401827
0.0135957
0.0157617
0.0277727
0.0136482
0.013796
0.0143478
0.017206
0.0146409
0.0134528
0.0165253
0.0135628
0.018124
0.0156591
0.0138494
0.0136392
0.0147124
0.0154784
0.0158594
0.014035
0.0137082
0.0145325
0.0198631
0.0164547
0.0136959
0.0157396
0.0157749
0.0134717
0.0139373
