0.0752482
0.0912439
0.0551709
0.0631388
0.0518233
0.0586704
0.0517067
0.0526526
0.0638843
0.0549057
0.0516714
0.0584027
0.0627422
0.0530492
0.0550535
0.052862
0.0558507
0.0539606
0.0668854
0.0652605
0.0509652
0.069127
0.0624761
0.06473
0.053298
0.0631585
0.0517839
0.0549048
0.0539039
0.0570594
0.0549139
0.0556175
0.0623423
0.0527552
0.0584938
0.0564296
0.0538276
0.0536543
0.0580595
0.057993
0.0581079
0.080573
0.0527815
0.0675144
0.0607124
0.055579
0.0620943
0.0637948
0.0753156
0.0551906
0.0668402
0.0723662
0.0136655
0.0148881
0.0134372
0.0139594
0.0132845
0.0136663
0.0134159
0.0155138
0.0291291
0.0138806
0.0130447
0.0140588
0.0133354
0.0159079
0.0157486
0.01409
0.0141179
0.0145958
0.0151205
0.014916
0.0227402
0.017261
0.0165779
0.0141286
0.0157141
0.0143166
0.0156574
0.0178366
0.013438
0.0206825
0.0137821
0.0138954
0.0139676
0.0141672
0.0139611
0.0137632
0.0130759
0.0171165
0.0207786
0.0155975
0.0156854
0.0136868
0.0142394
0.0136926
0.0157691
0.013874
0.0134545
0.0133354
0.0360025
0.0144004
0.0134011
0.0136942
0.0133994
0.0137591
0.0154645
0.0137558
0.013163
0.0147009
0.0224208
0.0151853
0.0138716
0.0142493
0.0138141
0.0135875
0.0158865
0.0146015
0.0138724
0.0352865
0.0165459
0.0150622
0.0324184
0.0138658
0.0138863
0.0166863
0.0153865
0.0177135
0.0131942
0.0158093
0.0156156
0.0141598
0.0136573
0.0210512
0.0137854
0.0137049
0.0157166
0.0137328
0.0136778
0.0162495
0.0270411
0.0155458
0.0256929
0.0158775
0.0134298
0.0146409
0.0141721
0.0153931
0.0132615
0.0156747
0.0139011
0.0131523
0.0141097
0.0140399
0.0134602
0.0136425
0.018776
0.0139545
0.0139767
0.0189665
0.0142616
0.0156739
0.0144258
0.0159276
0.0134257
0.0163283
0.0160778
0.0173161
0.0134939
0.0160204
0.0138872
0.01409
