0.101892
0.0573936
0.0517896
0.0577401
0.0688618
0.0521755
0.0623694
0.0665742
0.0516607
0.0578714
0.0533636
0.0694489
0.0582951
0.0524375
0.0526033
0.0541437
0.0524892
0.0594808
0.0834148
0.0728129
0.0920002
0.0922711
0.0515638
0.202876
0.129414
0.117429
0.085268
0.0521008
0.062688
0.0546339
0.0677008
0.0551257
0.0515991
0.0552349
0.0596278
0.0544483
0.0633202
0.0614038
0.0522322
0.050677
0.0507731
0.0826266
0.0645502
0.0552341
0.11636
0.0530993
0.0550559
0.0509086
0.0532323
0.0553293
0.0797815
0.0660471
0.0679947
0.0655618
0.0545657
0.0523061
0.0820075
0.0999369
0.117519
0.0562884
0.0632512
0.0512674
0.0588132
0.0606238
0.0700606
0.0671958
0.0634951
0.0518504
0.0513191
0.0584084
0.051554
0.0510843
0.056873
0.0509923
0.0502747
0.0737768
0.0536601
0.0562555
0.060907
0.0669864
0.0584208
0.0513232
0.05322
0.0531477
0.0508084
0.0535927
0.0550822
0.050526
0.061146
0.0859405
0.0766737
0.0851383
0.050989
0.0540509
0.068856
0.0548071
0.0511204
0.0556931
0.0664847
0.051035
0.0680645
0.0643753
0.0648581
0.0643753
0.0628621
0.0725165
0.0513364
0.0628538
0.0511869
0.0542102
0.016224
0.0135833
0.013493
0.0151943
0.0140054
0.016141
0.013608
0.0144217
0.0134158
0.0177594
0.0149225
0.0518274
0.0540484
0.051962
0.0528948
0.0536338
0.12586
0.0618053
0.0576062
0.0533636
0.0607945
0.0605343
0.0692641
0.0654772
0.0593272
0.0523365
0.0520893
0.0706838
0.0525417
0.0754716
0.0856466
0.0551824
0.0690498
0.0543137
0.0575652
0.0518266
0.0545912
0.0624031
0.0538095
0.0520236
0.0562153
0.054468
0.0754371
0.0532906
0.0564107
0.0526797
0.0526009
0.0614424
0.077154
0.0558951
0.0592041
0.053142
0.0519678
0.0515293
0.056804
0.0584799
0.0527856
0.0526641
0.0598355
0.0628317
0.0539409
0.0868142
0.0517362
0.0531165
0.0524063
0.0525196
0.052435
0.0535303
0.0520844
0.073395
0.0585661
0.0520483
0.0513569
0.0852918
0.0658475
0.0556726
0.0683026
0.076406
0.0572294
0.0516558
0.0539951
0.0553638
0.0527659
0.0581342
0.0524637
0.053867
0.063904
0.0544869
0.0519325
0.0522461
0.0618225
0.0720468
0.0543514
0.0528759
0.052678
1.39657
0.0687378
0.0521755
0.0551832
0.0598601
0.0531198
0.061155
0.0566242
0.0530475
0.0523061
0.070421
0.0673321
0.0581186
0.0606164
0.0533489
0.0858699
0.0594356
0.053018
0.0558302
0.0520294
0.0529531
0.0525409
0.0781631
0.0977273
0.053408
0.081707
0.052063
0.063528
0.0518118
0.0522404
0.0530664
0.0718579
0.0530525
0.0541084
0.101394
0.0200938
0.0143782
0.0194665
0.0175238
0.0191109
0.0236483
0.0176289
0.013369
0.053642
0.0697773
0.0527626
0.059379
0.0523603
0.0612642
0.0654748
0.0621017
0.0574781
0.0545189
0.05305
0.0664872
0.0515228
0.0521837
0.0537258
0.053734
0.0596664
0.0584963
0.0578665
0.0519604
0.0763222
0.0520885
0.0514513
0.0537701
0.0563048
0.0680448
0.0835905
0.0564501
0.0615483
0.0531288
0.0708012
0.053316
0.0651554
0.0510983
0.0602469
0.0684479
0.0526403
0.052141
0.051347
0.0565799
0.0587632
0.0525146
0.0806888
0.0632586
0.0549106
0.0511442
0.0618792
0.0574576
0.0529252
0.0678945
0.0639418
0.0555453
0.0728868
0.0658016
0.0576005
0.0652375
0.068475
0.0517814
0.052398
0.0548671
0.0717134
0.0523759
0.0704407
0.0512198
0.0527511
0.0588067
0.0636322
0.0566521
0.0624343
0.0528028
0.0549426
0.0647703
0.0527174
0.0647645
0.0549352
0.054638
0.0624622
0.0540057
0.0522232
0.0910411
0.0571752
0.0518504
0.0663402
0.0603249
0.0614317
0.0596467
0.0751858
0.0621838
0.0665717
0.0618455
0.0648368
0.0655388
0.0569387
0.0538842
0.0598995
0.0552776
0.0537446
0.0586983
0.0520515
0.0532889
0.0550978
0.052848
0.0532093
0.0510046
0.0584511
0.06283
0.0508076
0.0526165
0.052536
0.0551274
0.0658492
0.0553072
0.0581523
0.0561742
0.0515548
0.0606188
0.0619523
0.0520409
0.0528776
0.0528061
0.0714573
0.065405
0.0518799
0.0653237
0.0539721
0.0587147
0.0575389
0.0587443
0.0721667
0.0545132
0.0703315
0.0664026
0.0586622
0.0754272
0.0907431
0.0759667
0.0722003
0.0725312
0.088637
0.0735716
0.0662868
0.0750643
0.0766039
0.0679454
0.0713407
0.0673756
0.0791854
0.0656135
0.0715172
0.0720353
0.0702757
0.0663205
0.0655429
0.0704982
0.0751982
0.074602
0.075644
0.0705869
0.0883118
0.0638712
0.0736479
0.0918811
0.0698783
0.0748139
0.065763
0.0686524
0.0767664
0.0791049
0.0840922
0.063023
0.0733064
0.0697313
0.0806839
0.0794703
0.0951179
0.0722849
0.139485
0.0734271
0.0685457
0.0785737
0.0748402
0.0725485
0.0673362
0.0897487
0.0866475
0.0648934
0.082969
0.126702
0.0990673
