0.0188351
0.0149669
0.0159498
0.014829
0.0134586
0.0153257
0.0194509
0.0139635
0.013296
0.0146541
0.0140826
0.0288713
0.0404397
0.0136031
0.0135283
0.0147091
0.0150227
0.0139668
0.0166428
0.0234751
0.0154358
0.0132122
0.0134413
0.0134971
0.0155252
0.0146541
0.0140268
0.0153463
0.0134241
0.013282
0.0156714
0.0184254
0.0141852
0.0131712
0.0135325
0.0193483
0.0148364
0.01364
0.0131079
0.0168571
0.0139184
0.0194714
0.0216022
0.013186
0.0134232
0.0142944
0.0138289
0.0179926
0.0133994
0.0139414
0.0151681
0.0165623
0.0154045
0.0222582
0.0159325
0.0167076
0.0137205
0.0141417
0.0136819
0.0135119
0.0141277
0.0175295
0.0155482
0.0156377
0.0149538
0.0140473
0.0138617
0.0173292
0.0160672
0.0155647
0.01325
0.0146122
0.0138149
0.0158332
0.0214716
0.0135563
0.0131416
0.0138822
0.0155638
0.0135916
0.0136482
0.0137681
0.0142279
0.0136137
0.0142854
0.0156295
0.0135201
0.0135916
0.0142903
0.0137607
0.0142271
0.0130611
0.0155721
0.0161304
0.0139553
0.0135596
0.015646
0.0138921
0.0131203
0.0156837
