0.104837
0.144128
0.0965902
0.102963
0.114426
0.0899969
0.0937887
0.10278
0.0815141
0.0849652
0.112414
0.11647
0.115617
0.098092
0.145567
0.108018
0.104377
0.12813
0.0942099
0.110814
0.120253
0.107081
0.116673
0.101162
0.0947871
0.108873
0.111974
0.123198
0.0995684
0.0960705
0.131196
0.11106
0.0972447
0.101402
0.0882463
0.0967922
0.135861
0.10586
0.10033
0.109958
0.0973916
0.107178
0.113763
0.0979598
0.115997
0.103684
0.122185
0.0982226
0.101229
0.0941385
0.0991233
0.125232
0.0829691
0.122282
0.0831013
0.0847049
0.106023
0.101047
0.0945088
0.0874523
0.0817186
0.132723
0.137408
0.101635
0.126394
0.109137
0.117597
0.130059
0.109892
0.103011
0.108366
0.106264
0.0962101
0.10897
0.0287506
0.0280001
0.0248012
0.0348612
0.0268941
0.0236787
0.0259843
0.0998171
0.100454
0.12604
0.111426
0.122634
0.11138
0.130702
0.134175
0.0997695
0.114497
0.102306
0.114763
0.0905232
0.0842287
0.116615
0.118389
0.104992
0.128214
0.135413
