0.0652104
0.0569978
0.0568673
0.0518348
0.0555675
0.0563927
0.0655552
0.0579002
0.0527889
0.0531091
0.0567367
0.0579076
0.0556775
0.0599242
0.0710467
0.0544943
0.0582639
0.0519448
0.0587599
0.0750421
0.0648532
0.0682969
0.0603372
0.0588428
0.0649066
0.0520868
0.0522839
0.0535977
0.053394
0.0715476
0.0741077
0.0539663
0.0578665
0.0745142
0.0607042
0.0546799
0.0665841
0.0530311
0.0527445
0.0525902
0.0540057
0.0580981
0.0548539
0.0644205
0.0608865
0.051861
0.0587229
0.0595054
0.0841727
0.0539672
0.0705614
0.0560182
0.0547874
0.0522084
0.0530648
0.081785
0.0640157
0.0613094
0.0521517
0.0519333
0.0552513
0.063422
0.0576177
0.056304
0.058943
0.0508495
0.0572614
0.058383
0.0550863
0.0539885
0.0547546
0.0512789
0.0749354
0.0756128
0.0605343
0.0555108
0.054973
0.0522412
0.054399
0.0557153
0.0513585
0.0611542
0.0595645
0.0638925
0.0528267
0.0556381
0.0550674
0.0593831
0.0579018
0.0555831
0.0770546
0.0524916
0.0543013
0.0571555
0.0624014
0.059342
0.0698077
0.0590259
0.0626527
0.0595243
0.059879
0.0201168
0.0146409
0.0136105
0.0169318
0.017619
0.0135793
0.0133058
0.0136605
0.0161788
0.0162166
0.0177225
0.0140021
0.0139767
0.0140374
0.0137435
0.0136671
0.0218625
0.0133157
0.0156632
0.0157264
0.0133929
0.0217294
0.0138231
0.0139315
0.0148306
0.0139487
0.0168562
0.0136696
0.0152346
0.0175887
0.0135858
0.0149185
0.0135908
0.0139676
0.0139069
0.0139668
0.0133083
0.0158537
0.0132755
0.014783
0.0159957
0.0148643
0.0136121
0.0201628
0.015999
0.0138978
0.0136507
0.0139676
0.0142772
0.0137681
0.0231762
0.029864
0.0140087
0.0156
0.0140514
0.0153389
0.0174441
0.0333093
0.0129716
0.0139685
0.0130661
0.0141277
0.0136261
0.0160105
0.0140809
0.0136959
0.0132426
0.0131433
0.0152247
0.013856
0.0154801
0.013475
0.0130193
0.0141187
0.0272267
0.0137295
0.0135292
0.013631
0.0147822
0.0140538
0.0135267
0.0142608
0.0137977
0.014393
0.015618
0.0142673
0.0159342
0.0136014
0.0142821
0.0158085
0.01465
0.0218485
0.0142066
0.0134774
0.0138855
0.0131112
0.0144669
0.0140588
0.0130907
0.013383
