0.0725338
0.308566
0.280598
0.274526
0.268786
0.275302
0.265654
0.261912
0.27776
0.278399
0.277953
0.267008
0.263872
0.265805
0.278924
0.265735
0.272202
0.274336
0.266728
0.268946
0.271899
0.280688
0.26728
0.263557
0.266458
0.273369
0.279248
0.289357
0.284532
0.269455
0.277819
0.274497
0.275191
0.267691
0.262691
0.281483
0.432914
0.279895
0.275881
0.277559
0.263394
0.268493
0.277017
0.2675
0.27041
0.274304
0.263045
0.263811
0.280617
0.289742
0.27246
0.299225
0.285235
0.28664
0.284981
0.274199
0.270699
0.287675
0.264007
0.263935
0.339497
0.266739
0.279205
0.272578
0.261557
0.261542
0.263184
0.261847
0.261779
0.261817
0.261985
0.261509
0.266258
0.266229
0.262895
0.261886
0.262404
0.26217
0.263026
0.280417
0.275702
0.270289
0.264914
0.261477
0.274539
0.30399
0.261795
0.277198
0.268916
0.277822
0.284696
0.268035
0.281265
0.266638
0.267804
0.291413
0.267821
0.281927
0.31807
0.263593
0.281894
0.283894
