0.155361
0.16082
0.156427
0.149364
0.145856
0.145449
0.145513
0.146362
0.149518
0.16339
0.146511
0.145098
0.148558
0.16579
0.145839
0.152724
0.160071
0.161158
0.162338
0.145921
0.145551
0.149468
0.153042
0.147867
0.200322
0.161919
0.147155
0.153709
0.147495
0.151488
0.158759
0.183953
0.15623
0.144741
0.147724
0.161008
0.158708
0.150738
0.146845
0.145848
0.14853
0.181235
0.146767
0.150263
0.153614
0.150227
0.14812
0.147693
0.159681
0.159792
0.159847
0.148729
0.155794
0.14576
0.147691
0.144238
0.160074
0.146287
0.154068
0.177195
0.157405
0.16258
0.145993
0.150722
0.149415
0.148044
0.147527
0.147069
0.1508
0.145633
0.150503
0.153164
0.153534
0.160553
0.148654
0.155727
0.160226
0.160402
0.145523
0.146028
0.15351
0.151789
0.149906
0.146743
0.153859
0.149312
0.145417
0.161855
0.145296
0.15373
0.147502
0.155442
0.1453
0.171287
0.153524
0.149933
0.151292
0.146638
0.156737
0.152448
