0.0724598
0.0942959
0.0784554
0.0933221
0.0753895
0.0772156
0.0745421
0.0550001
0.0765751
0.0639089
0.0577622
0.0663969
0.0734895
0.064349
0.0726339
0.0731561
0.0626888
0.0711904
0.0806067
0.0538079
0.0603553
0.0650174
0.0866516
0.100152
0.0766999
0.0644115
0.0719869
0.0630025
0.0849765
0.0737653
0.0807085
0.0563286
0.0511327
0.053885
0.0640009
0.078682
0.064377
0.0604045
0.0554895
0.0552201
0.0562449
0.0516829
0.050264
0.0573418
0.0521919
0.053913
0.0752942
0.0516336
0.0517009
0.07446
0.0673871
0.0840274
0.0526206
0.0526846
0.0621387
0.0623423
0.0776097
0.0550855
0.0542365
0.0704596
0.0555995
0.0717438
0.0562695
0.0529671
0.0709112
0.0520573
0.0514677
0.0534761
0.0546782
0.0671014
0.144143
0.0518898
0.0499668
0.0541626
0.0668977
0.0675776
0.0791369
0.052013
0.06719
0.096283
0.0825527
0.0729886
0.0626543
0.0640124
0.0550264
0.0888012
0.102853
0.0745536
0.0680423
0.0554024
0.0523496
0.073831
0.108258
0.0558918
0.305205
0.0661604
0.121049
0.0817349
0.0541297
0.199363
