0.0553515
0.0639705
0.0532577
0.0512222
0.0702593
0.0730986
0.0564625
0.0545978
0.0861482
0.0544475
0.0532897
0.0552029
0.0521501
0.0524703
0.057277
0.0524522
0.0531469
0.0565446
0.0597115
0.0507739
0.0656053
0.0518225
0.053656
0.0789423
0.0628974
0.0631691
0.0600564
0.0520762
0.0563491
0.0541059
0.0574716
0.0506902
0.0637702
0.0516697
0.0617404
0.0553384
0.0529194
0.0559156
0.0609982
0.0845118
0.0696993
0.0517715
0.0523898
0.0585374
0.0511919
0.0584848
0.0598716
0.0540977
0.0618702
0.0536198
0.0572606
0.0531444
0.0575274
0.0553359
0.0550288
0.0521222
0.0538218
0.0596417
0.0699087
0.0589955
0.0526846
0.0533078
0.0663648
0.0626018
0.0561595
0.0583657
0.0526255
0.0529326
0.0569526
0.0563023
0.0508117
0.0515457
0.0549303
0.0522256
0.0540312
0.0630238
0.0552341
0.0513782
0.056047
0.0515819
0.0698496
0.0507091
0.0900747
0.0529391
0.0616
0.0554205
0.0522527
0.0544902
0.0547332
0.0523972
0.0540624
0.0560568
0.0635649
0.0630066
0.0551265
0.0554312
0.0697075
0.0663254
0.0678871
0.0540213
0.0815296
0.0538029
0.053541
0.0523225
0.0524908
0.0597739
0.0529178
0.0536666
0.0523636
0.0627627
0.0535903
0.0528661
0.0519505
0.0594151
0.0565249
0.0610327
0.0646832
0.0596237
0.0618135
0.0531838
0.0554895
0.0516188
0.0580307
0.0530623
0.0516591
0.0688454
0.0522593
0.0553129
0.0575307
0.0573657
0.0529876
0.0832982
0.0570454
0.0530615
0.0591688
0.0719483
0.0674405
0.0574905
0.0563861
0.0563138
0.0552743
0.0528652
0.0565191
0.0595465
0.0618981
0.0626847
0.0537471
0.0706148
0.0759601
0.0320234
