0.0582656
0.0645293
0.0592419
0.0609859
0.0550042
0.0567942
0.0770945
0.0585087
0.0575927
0.0635141
0.0614773
0.080874
0.0571715
0.0585986
0.0579146
0.0571756
0.0615114
0.0617799
0.0726664
0.058808
0.0605084
0.0554328
0.0724319
0.0554661
0.0706547
0.053686
0.0598606
0.0575697
0.0633162
0.0602297
0.0729468
0.0861688
0.0669487
0.0678014
0.0622356
0.064657
0.0520335
0.0585924
0.0534922
0.0580985
0.0567983
0.0586745
0.0638257
0.0639279
0.0603036
0.0579306
0.0568316
0.0561004
0.0608767
0.0618485
0.0603175
0.0631154
0.0613328
0.0847828
0.0529347
0.0539487
0.0537504
0.055079
0.0552185
0.0556164
0.0571227
0.0555359
0.075316
0.0526436
0.0733577
0.0560376
0.0545596
0.0542414
0.0520204
0.0538563
0.0572577
0.0555178
0.0576687
0.0579167
0.0904886
0.0530373
0.0539598
0.0608512
0.0602966
0.0638252
0.0638515
0.0553413
0.0551274
0.0735359
0.0557748
0.0648401
0.0568833
0.0558824
0.0593729
0.0558898
0.0777559
0.0619852
0.0531584
0.0634233
0.0589011
0.0533625
0.0571961
0.0579027
0.0624462
0.0551422
0.0916324
0.0639808
0.0612757
0.0570274
0.0622857
0.0549365
0.0600585
0.0538334
0.0709322
0.103438
0.0656029
0.114755
0.0518069
0.0534507
0.0526268
0.0569757
0.0517728
0.0615787
0.0519153
0.0515688
0.0521325
0.150673
0.0557075
0.0563369
0.0545477
0.0627451
0.0553663
0.0518631
0.0518541
0.0527249
0.0649354
0.0965922
0.0788582
0.090519
0.0562601
0.113722
0.0562589
0.0524137
0.0639061
0.0518098
0.0567335
0.0572922
0.057057
0.0555958
0.0631363
0.0557457
0.0563533
0.0856643
0.0590342
0.0601964
0.0571066
0.0540165
0.0693405
0.115813
0.0586347
0.0859554
0.0523045
0.0747216
0.083286
0.0972121
