0.0524524
0.0524188
0.0570842
0.0564544
0.0527708
0.065898
0.0556399
0.0567174
0.0533374
0.0752729
0.0525721
0.0740724
0.069464
0.0602276
0.0591774
0.0604411
0.0594137
0.0639921
0.0522034
0.062464
0.0543506
0.0549968
0.0522478
0.0552351
0.0553404
0.0528663
0.0546298
0.0526943
0.0542755
0.0542055
0.0539819
0.0628389
0.0607096
0.0575184
0.0645449
0.0909393
0.0896067
0.067919
0.0589606
0.0588102
0.0615323
0.0660978
0.0630725
0.0601071
0.0651564
0.0713641
0.0647471
0.0596021
0.0613441
0.0614336
0.0598513
0.0716853
0.0683096
0.0676412
0.0522289
0.0983928
0.061187
0.0550785
0.0553566
0.0552187
0.0634701
0.0567449
0.05594
0.0709693
0.0546573
0.053759
0.052893
0.0729145
0.0530032
0.0609033
0.0519462
0.0608842
0.0510654
0.0539201
0.0553513
0.05137
0.0536264
0.0526895
0.0514571
0.0535168
0.0653436
0.0523186
0.0568843
0.0614871
0.0574619
0.0517241
0.0528843
0.0511995
0.0526066
0.0562057
0.0517315
0.050815
0.0521969
0.051097
0.0539101
0.0538725
0.054593
0.0510414
0.117185
0.0824985
0.0552458
0.051749
0.0521534
0.071954
0.0512087
0.053322
0.0506335
0.056811
0.0547503
0.0517956
0.0514811
0.0719212
0.0510824
0.0508478
0.050714
0.0601184
0.0549241
0.0561582
0.0505894
0.0742828
0.0561164
0.0555521
0.0685567
0.0535868
0.0523416
0.0526146
0.050989
0.0544456
0.0522184
0.0533813
0.0531007
0.0531376
0.0506397
0.0522925
