0.0686656
0.0669532
0.0838185
0.0817645
0.065458
0.054604
0.0831776
0.0783344
0.0578374
0.0924859
0.0639936
0.0583169
0.0924256
0.0671737
0.0876534
0.055143
0.0704252
0.060446
0.0822108
0.0591746
0.0668309
0.0575381
0.0597502
0.0820182
0.0696283
0.0187517
0.0564707
0.0808691
0.0805476
0.0698315
0.091623
0.0540575
0.0570184
0.0172918
0.0631815
0.0604793
0.0640465
0.0561144
0.0609748
0.0851942
0.0563701
0.0628157
0.0719237
0.0597629
0.0551073
0.0662832
0.0829309
0.0537804
0.074997
0.0596405
0.0530804
0.0894717
0.142389
0.0630522
0.0669269
0.0600277
0.0586039
0.0602523
0.0575652
0.055703
0.0608328
0.136661
0.0528263
0.0526329
0.0550523
0.0619712
0.0606665
0.0617327
0.0554365
0.067615
0.0561234
0.0564177
0.0645195
0.0525857
0.054838
0.0608049
0.0570102
0.0564239
0.0676249
0.0555371
0.0684648
0.0867892
0.064492
0.0738557
0.0697757
0.158092
0.0655705
0.0919444
0.086985
0.0685818
0.0596081
0.087038
0.0775285
0.0830741
0.0614412
0.0532028
0.091329
0.0604764
0.0531518
0.0627389
0.0549102
0.0629335
0.0895854
0.0730531
0.0855633
0.105444
