0.0162158
0.0151492
0.0165648
0.014168
0.0136647
0.0162971
0.0334563
0.0141606
0.0132147
0.0161049
0.0139463
0.0426616
0.0145079
0.0156681
0.0130234
0.0207129
0.0150712
0.0164909
0.0147698
0.0216736
0.0154612
0.0138289
0.0129495
0.013493
0.0167782
0.015701
0.0144529
0.0168218
0.0134725
0.0132755
0.0157765
0.0141023
0.0178358
0.0133231
0.0134323
0.0139249
0.0137041
0.0156271
0.0134241
0.0198598
0.0138059
0.0147838
0.0141031
0.0135727
0.0131728
0.0291792
0.0155671
0.0149776
0.0135333
0.0138395
0.0142476
0.0155146
0.0177011
0.0192547
0.0156303
0.0135481
0.0142501
0.0149029
0.0135292
0.0141548
0.0143921
0.0156295
0.0136055
0.0152732
0.0136022
0.0142821
0.0141507
0.0230038
0.0140785
0.0156862
0.017165
0.0140522
0.0153775
0.0150071
0.0423635
0.0136597
0.0132336
0.0138379
0.0157478
0.0136203
0.0138527
0.0137312
0.0165771
0.0137648
0.0161329
0.0149907
0.0135267
0.0135669
0.0141458
0.0137041
0.0156451
0.0131006
0.0165114
0.0138658
0.0145818
0.0130226
0.0158003
0.0145178
0.0129667
0.0140161
