0.0541864
0.0560072
0.0583526
0.0521616
0.0518652
0.0511434
0.0629852
0.0527425
0.0505715
0.062321
0.0516348
0.0512333
0.0581843
0.0568188
0.0661587
0.0569469
0.0526497
0.0522342
0.0546577
0.0531682
0.052373
0.0559965
0.0632607
0.0546199
0.0609694
0.053215
0.051508
0.0573603
0.0644459
0.0551709
0.070678
0.0532984
0.0521759
0.0559665
0.0535443
0.0587689
0.0535829
0.0548942
0.0703336
0.0550136
0.0558117
0.0533866
0.0514714
0.0628924
0.055361
0.0526862
0.0718173
0.0553876
0.0556373
0.0595194
0.0540587
0.0564366
0.0551861
0.0515232
0.0515995
0.0511615
0.063124
0.0556385
0.0509517
0.0508203
0.0732423
0.0600757
0.0526226
0.0710828
0.0503112
0.0527983
0.0506343
0.0604226
0.0655914
0.0598527
0.0521484
0.0514341
0.0537894
0.055363
0.0622126
0.0573353
0.0552078
0.0527499
0.0545978
0.0546446
0.0564091
0.0590965
0.0568566
0.0510469
0.0519781
0.0554583
0.0555338
0.0547944
0.0670463
0.0634684
0.0528447
0.0590395
0.0542471
0.0585242
0.0562247
0.0517055
0.0576818
0.0544692
0.060322
0.0635288
