0.0731529
0.336415
0.267999
0.263726
0.265211
0.402275
0.27279
0.276491
0.278896
0.264759
0.276031
0.280145
0.262318
0.265594
0.264684
0.266939
0.267306
0.26761
0.292471
0.263783
0.268151
0.277256
0.281286
0.265407
0.263758
0.28478
0.279715
0.282128
0.286213
0.270471
0.279482
0.287215
0.264353
0.295669
0.264658
0.266266
0.301041
0.271675
0.264365
0.2638
0.268613
0.278463
0.316184
0.287822
0.273645
0.270388
0.271076
0.265796
0.264123
0.271129
0.290781
0.299407
0.282997
0.283983
0.301058
0.28209
0.26771
0.279549
0.264229
0.262996
0.613586
0.270011
0.275662
0.279154
0.262835
0.262187
0.261661
0.262379
0.265005
0.275977
0.261957
0.276777
0.276253
0.267385
0.260757
0.263392
0.263574
0.265992
0.26167
0.281462
0.261916
0.265869
0.27889
0.268998
0.267395
0.370419
0.265207
0.265217
0.28235
0.266309
0.271568
0.265709
0.281846
0.268296
0.276519
0.278966
0.268885
0.270429
0.262633
0.264461
0.274276
0.268651
