0.05372
0.0543958
0.0568377
0.0527946
0.0576596
0.054647
0.0569674
0.0564879
0.0533702
0.06423
0.0581268
0.0514086
0.0516188
0.0572918
0.0566308
0.0518052
0.0566193
0.0586416
0.0518019
0.0519464
0.0551233
0.0554821
0.0504438
0.0877658
0.0619268
0.0576818
0.0606541
0.0605909
0.052917
0.0620902
0.0602387
0.0518307
0.0644221
0.0522954
0.0588609
0.0526107
0.0559033
0.0533423
0.0527109
0.0531321
0.0603323
0.068117
0.0551602
0.0520368
0.0540887
0.0595941
0.0612264
0.0608126
0.0530648
0.0596844
0.0526518
0.0550822
0.0535755
0.0519924
0.0585193
0.0548753
0.0519957
0.0685457
0.0571234
0.0527133
0.0541823
0.0517486
0.059108
0.0534236
0.0555133
0.0656759
0.0724335
0.0587796
0.0522018
0.0615762
0.0667984
0.0536075
0.051251
0.0526189
0.0523463
0.0534351
0.0520392
0.0513865
0.0526797
0.0597674
0.0532577
0.0532282
0.058828
0.0606689
0.0640124
0.0581966
0.0642719
0.0566956
0.0569691
0.0529342
0.0719499
0.0654583
0.0598954
0.0543867
0.0587246
0.0580669
0.0773387
0.0845315
0.0667696
0.0605868
0.0641602
0.0541067
0.0518586
0.0525155
0.0525524
0.0593593
0.0711231
0.0693265
0.0518019
0.0608397
0.0525664
0.0520877
0.0586556
0.0603167
0.0542192
0.0526329
0.0730888
0.0513117
0.0527503
0.0606196
0.0561537
0.0541971
0.054895
0.0570881
0.0536494
0.0629253
0.0619605
0.0552505
0.0536404
0.0576654
0.0543588
0.0795713
0.0582795
0.0523841
0.0540796
0.0550206
0.0566907
0.0543539
0.0564493
0.063436
0.0538161
0.0551594
0.0547135
0.0562539
0.0623275
0.055074
0.0672746
0.0666465
0.0925946
0.0178185
