0.0547862
0.0832429
0.0608874
0.0737634
0.0590116
0.0586552
0.115972
0.059698
0.0566891
0.0563685
0.0564235
0.068735
0.0645146
0.0572844
0.0537106
0.0541602
0.0547583
0.0782597
0.0721195
0.0588379
0.057991
0.0585177
0.0604785
0.0581039
0.0712656
0.0827765
0.0918951
0.0149792
0.0599571
0.0636306
0.151302
0.0594583
0.0687448
0.0556205
0.0713863
0.0641225
0.0611259
0.0586404
0.0614326
0.0680301
0.0698677
0.0566037
0.0991663
0.0532028
0.0158385
0.0644657
0.0618825
0.0662577
0.0715608
0.0559666
0.0586918
0.0607778
0.0620923
0.0679282
0.0589192
0.0558114
0.0746694
0.0602925
0.0821869
0.0608866
0.0813999
0.0533354
0.0622894
0.0621794
0.0830561
0.0819431
0.0732108
0.0834059
0.0768979
0.0768991
0.100146
0.0692617
0.0712126
0.0145724
0.058959
0.0761404
0.0758768
0.0675887
0.0655155
0.0530447
0.0623711
0.0617274
0.0749543
0.0594328
0.0650433
0.0670423
0.0557346
0.0697548
0.0619585
0.0578395
0.0734037
0.059317
0.217632
0.0652453
0.0543609
0.0584331
0.0578883
0.0566817
0.0536893
0.0151697
