0.0754198
0.0677632
0.0555133
0.0543465
0.0540016
0.0632242
0.0527823
0.0580217
0.0522051
0.053275
0.0556381
0.055987
0.0663427
0.0521033
0.0591745
0.0551692
0.0558951
0.0557415
0.0685416
0.0521616
0.0513815
0.0555461
0.0720821
0.0638318
0.0647259
0.0646217
0.051517
0.0636166
0.0565569
0.0562276
0.0610031
0.0616074
0.0604809
0.0543974
0.0623218
0.0622503
0.063693
0.0537668
0.0622405
0.0640904
0.0546881
0.059039
0.0552981
0.0636027
0.0527117
0.0544606
0.0560223
0.0584832
0.0750914
0.0568451
0.0531116
0.090606
0.0139225
0.0142739
0.013103
0.0155819
0.0134889
0.0133748
0.0131786
0.017743
0.0569995
0.0136926
0.0131498
0.0131515
0.0132787
0.017133
0.0167084
0.0135727
0.0143856
0.013273
0.0142796
0.0144882
0.0177373
0.0153495
0.016651
0.0136195
0.0165689
0.0159128
0.0160893
0.014058
0.0137016
0.0381571
0.0137862
0.0140013
0.0142033
0.0140202
0.0164285
0.0153397
0.0134569
0.0162166
0.0354992
0.0152929
0.0159013
0.0141713
0.0138371
0.0163275
0.0142443
0.015494
0.0130234
0.0130439
0.0154637
0.0157198
0.0136162
0.013493
0.013516
0.0151237
0.0135719
0.0153791
0.0131112
0.0138543
0.0433989
0.0140563
0.0155179
0.0154793
0.0137246
0.0129881
0.0154095
0.015673
0.0139988
0.0155877
0.0166731
0.0202014
0.0146557
0.0138576
0.0140883
0.0167955
0.0158915
0.0154013
0.0134175
0.0135768
0.013654
0.0139471
0.0137624
0.0370059
0.0153536
0.0136523
0.0156147
0.0136359
0.0141039
0.0274853
0.0414053
0.0152165
0.0558722
0.0156501
0.0139184
0.015687
0.0142419
0.015563
0.0137968
0.0157322
0.0143774
0.013452
0.0141984
0.0136655
0.0168653
0.0134561
0.0158241
0.0136392
0.0156525
0.0147181
0.0141105
0.0156517
0.0140916
0.0153315
0.0133042
0.0139964
0.0157905
0.0157174
0.0134536
0.0160245
0.0138675
0.0141409
