0.0911093
0.0554607
0.0530771
0.0573221
0.0626371
0.0559172
0.0686031
0.0561307
0.057309
0.0609941
0.218301
0.0563853
0.0641701
0.0682804
0.113
0.070958
0.0747712
0.0577557
0.0704333
0.0537611
0.0721626
0.0800549
0.0688396
0.129983
0.15233
0.0878495
0.0659116
0.121833
0.0760603
0.052279
0.0804285
0.0553499
0.0555527
0.0556233
0.0555387
0.0544795
0.0510309
0.0825207
0.0936227
0.0893053
0.0679454
0.0729048
0.088963
0.0597871
0.0760488
0.0688757
0.0530336
0.105682
0.0614851
0.0644993
0.0993243
0.0604316
0.0657498
0.0556069
0.0630583
0.0531781
0.0609612
0.0649263
0.0518775
0.0821011
0.0658599
0.0646923
0.0743081
0.0957115
0.0529465
0.0909237
0.0567137
0.0581301
0.0522404
0.064886
0.0517871
0.0520162
0.0603799
0.0512617
0.0693602
0.0524038
0.0645617
0.054335
0.0627356
0.0509677
0.0819968
0.06658
0.0638153
0.0550904
0.0510071
0.0652596
0.0560921
0.0556217
0.0672664
0.0778831
0.0569477
0.0611558
0.0627274
0.0581375
0.0607707
0.0791648
0.0607798
0.062587
0.0541322
0.0647079
