0.055687
0.070068
0.061424
0.0578144
0.0634032
0.0636922
0.123213
0.060118
0.0540169
0.0641566
0.0535349
0.0996032
0.0859997
0.0525212
0.055292
0.0542841
0.0581396
0.0758551
0.06787
0.060134
0.0635756
0.0589139
0.0597021
0.0568427
0.0680633
0.0870889
0.0880582
0.0142776
0.0633285
0.0597887
0.180279
0.055627
0.0737067
0.0635333
0.0563077
0.0548022
0.0588597
0.061348
0.0596254
0.0623095
0.0587209
0.0597419
0.116031
0.0541507
0.0146151
0.0624865
0.067569
0.0561139
0.0710061
0.0597103
0.057975
0.0611431
0.0614843
0.0767981
0.0550851
0.0544282
0.0679697
0.0725875
0.0638211
0.0751719
0.0732411
0.0550978
0.0629405
0.0722961
0.0843748
0.0870088
0.0868947
0.0772719
0.0817005
0.0806343
0.0887364
0.0789383
0.0853252
0.0145892
0.0606956
0.0665726
0.068916
0.0657585
0.0561144
0.0537845
0.054381
0.071872
0.071757
0.0626581
0.0617208
0.0586561
0.0753349
0.0882331
0.059395
0.0557375
0.0677123
0.0686611
0.0603418
0.0542796
0.0542915
0.055744
0.0554242
0.0638154
0.0578251
0.0144028
