0.0902907
0.0696615
0.0677229
0.0573345
0.0642325
0.0524695
0.0609111
0.077521
0.0670275
0.0618086
0.0516837
0.0850595
0.0535722
0.0555527
0.0546454
0.0608315
0.057557
0.0532306
0.0738918
0.0759839
0.0923393
0.115882
0.051196
0.0969382
0.110848
0.13194
0.122692
0.0629039
0.061357
0.0659124
0.0531485
0.0663
0.0580316
0.0591359
0.05629
0.0537405
0.0618677
0.0518364
0.0702174
0.0529638
0.0578
0.0573435
0.065194
0.0555453
0.0993268
0.0510465
0.0549902
0.0515778
0.0516032
0.0545156
0.0955046
0.0667319
0.0591548
0.0568599
0.0564551
0.0607124
0.0866023
0.0997061
0.109161
0.0543876
0.0942705
0.0516221
0.0515121
0.0527782
0.059168
0.0736742
0.0505678
0.0540493
0.0512797
0.0531674
0.0511861
0.0548876
0.0546552
0.0512592
0.0523578
0.0575274
0.0555946
0.0580324
0.0760619
0.0509439
0.0560453
0.0664937
0.0626313
0.0710401
0.0510941
0.0582303
0.0616723
0.0507994
0.0531214
0.0718965
0.0902685
0.0861433
0.0557785
0.0748886
0.0592788
0.0529153
0.0577803
0.0525508
0.0634409
0.0573238
0.0595728
0.0618398
0.0636314
0.0592657
0.0542225
0.0533628
0.0522059
0.054367
0.057286
0.0530327
0.0144931
0.0136843
0.013773
0.0173546
0.0138962
0.015292
0.0131753
0.0150268
0.0137632
0.0178752
0.0158298
0.0580956
0.058741
0.0538029
0.053844
0.0593667
0.152195
0.0635748
0.0822489
0.0569346
0.0929953
0.0684241
0.0739879
0.0643162
0.0533957
0.0524284
0.0532783
0.0837137
0.0537438
0.0696139
0.06764
0.0567671
0.068489
0.0628407
0.063514
0.0591039
0.0587878
0.0582894
0.0569543
0.0531723
0.0799449
0.0536962
0.0699891
0.0537438
0.0580398
0.053293
0.0515613
0.0630312
0.0556299
0.0610269
0.0584273
0.0540271
0.0593248
0.0522601
0.0605211
0.053619
0.0539885
0.0525705
0.0751259
0.0695367
0.0523282
0.0856425
0.0674314
0.0587467
0.0517576
0.0621091
0.0535648
0.0555083
0.0663016
0.0744025
0.0592788
0.0525614
0.0543826
0.0624671
0.0659354
0.0525417
0.0620902
0.0599587
0.060416
0.056887
0.0541461
0.053298
0.0562104
0.060751
0.0530869
0.059356
0.0607609
0.0536486
0.0786755
0.0517921
0.0670324
0.0784275
0.055294
0.0571776
0.0534835
1.40199
0.0743754
0.0545009
0.0603027
0.056625
0.0561242
0.0589734
0.0709408
0.0520795
0.0619654
0.0750848
0.0597764
0.0545838
0.0698019
0.0528447
0.0611123
0.0619786
0.0527396
0.0554271
0.0521115
0.0599266
0.0529268
0.0740962
0.0970589
0.0561036
0.0987578
0.0670496
0.0608413
0.053316
0.0574404
0.0692896
0.0603183
0.0717627
0.0550165
0.133214
0.019115
0.0157757
0.0150071
0.014925
0.0162659
0.0224569
0.0145514
0.0137747
0.0526444
0.0527766
0.053587
0.0666826
0.0556282
0.0591113
0.0689176
0.0612084
0.0534531
0.0528086
0.0602986
0.0575775
0.0541043
0.0613225
0.0541273
0.0505596
0.0558852
0.0528652
0.0525623
0.0570651
0.0966467
0.051884
0.0534072
0.0539072
0.0601188
0.0863888
0.0751653
0.0561956
0.0527298
0.0513355
0.0875728
0.0669035
0.0511221
0.0556512
0.0561127
0.0557777
0.0529621
0.0537906
0.0516213
0.0562128
0.0744501
0.0513388
0.0817792
0.0587484
0.060159
0.0528242
0.0669741
0.0555387
0.0522429
0.0567983
0.0631158
0.0530434
0.0706165
0.0572129
0.0684594
0.062018
0.0551528
0.0589742
0.0511327
0.0554385
0.0523028
0.0517445
0.0627126
0.0513035
0.0522117
0.0552981
0.0531846
0.0555412
0.0574354
0.0548236
0.0698627
0.0603142
0.0584093
0.0511771
0.0532421
0.0519037
0.05685
0.0523061
0.0513988
0.0661916
0.0596064
0.0533349
0.0575857
0.0658985
0.0614933
0.0687936
0.0629647
0.0900172
0.052857
0.0537455
0.062004
0.0561439
0.064161
0.0583772
0.062752
0.0563746
0.0602994
0.0535968
0.0528234
0.0578821
0.0544795
0.0516377
0.0542627
0.0526091
0.0743672
0.0779915
0.0510613
0.0513232
0.0633194
0.0649805
0.0529137
0.0572564
0.0576645
0.0559682
0.059223
0.052871
0.0550838
0.0565832
0.0556405
0.0790285
0.0706953
0.0580546
0.0583871
0.051976
0.0553589
0.068053
0.05959
0.0559197
0.0527413
0.0549549
0.0644599
0.0522314
0.0874628
0.0881402
0.06909
0.0944314
0.0813769
0.0724844
0.0643589
0.0673091
0.0736208
0.0793504
0.0752688
0.0678494
0.0860596
0.0713948
0.0818482
0.0757351
0.0816708
0.0765694
0.0732456
0.0781097
0.0648113
0.0928664
0.0701246
0.0726314
0.0585587
0.0694398
0.0842671
0.0684512
0.0772435
0.0718538
0.0745963
0.0616509
0.0757532
0.0779546
0.0634549
0.0815682
0.0726552
0.0763329
0.0685695
0.0712676
0.0784899
0.0893283
0.0930922
0.0932564
0.0977922
0.0843862
0.0664379
0.072702
0.0823556
0.0673518
0.0680842
0.0943945
0.0816544
0.0728088
0.07893
0.111293
0.104909
