0.0666732
0.0823733
0.108549
0.0868614
0.0557896
0.0536076
0.0697675
0.0719865
0.066433
0.0916591
0.0555022
0.060244
0.0934987
0.0846026
0.0857813
0.0558446
0.0557547
0.0629586
0.0747996
0.0580493
0.0580665
0.0563418
0.0618444
0.0590243
0.073774
0.0186454
0.0551832
0.0737424
0.0562864
0.0552826
0.0984635
0.0549065
0.0542845
0.019496
0.0592518
0.0617384
0.0710102
0.0547078
0.0549698
0.0843875
0.0628399
0.0519136
0.0635054
0.0655073
0.0605187
0.0607794
0.0766557
0.0860773
0.0867884
0.060871
0.0553947
0.081918
0.221648
0.0685531
0.0522207
0.0575049
0.0556784
0.0563541
0.0567027
0.0595268
0.0565614
0.0580411
0.0524547
0.0534852
0.0525479
0.0613652
0.0629545
0.0563829
0.0596611
0.0705381
0.0821742
0.0635264
0.069536
0.0554464
0.055448
0.0717283
0.054264
0.0569584
0.069781
0.0577533
0.0747634
0.0871997
0.0645059
0.0756601
0.0777058
0.100147
0.0708082
0.0922823
0.0844762
0.118435
0.0834375
0.085748
0.0560864
0.0784157
0.0686426
0.0681216
0.0991027
0.0581917
0.0617516
0.0722316
0.0661502
0.0853818
0.0821484
0.0645511
0.105146
0.13795
