0.0524808
0.0535322
0.0549213
0.0513314
0.0524738
0.0672935
0.0688406
0.0535792
0.0531719
0.0873891
0.0519356
0.0606207
0.0678582
0.0581931
0.0632952
0.0605632
0.0608259
0.0636971
0.0599266
0.059285
0.0549603
0.0685046
0.0540727
0.0565616
0.0514608
0.0571134
0.0560351
0.0540384
0.0531069
0.053018
0.0541488
0.0776118
0.0581545
0.0733047
0.0670057
0.0704958
0.0597973
0.0572757
0.0549354
0.0582266
0.0628908
0.0627173
0.0609932
0.0650835
0.0602851
0.0778396
0.0591365
0.0654505
0.0692364
0.0671767
0.0606235
0.0795846
0.0930867
0.090023
0.0512126
0.0968116
0.0640569
0.0543894
0.056579
0.0555716
0.0600812
0.0660653
0.0604224
0.0735028
0.0530258
0.0516816
0.0539561
0.056398
0.0532109
0.0524633
0.0519027
0.0523695
0.0505093
0.0522802
0.0550705
0.0557407
0.0539193
0.0551522
0.0530978
0.0552842
0.0599683
0.0511036
0.0567231
0.0539793
0.0539265
0.0518395
0.0508575
0.0505108
0.0534698
0.0501716
0.0559298
0.0522716
0.0510404
0.0679366
0.0532216
0.0551446
0.0538592
0.0507942
0.0943499
0.0721447
0.0520981
0.0513951
0.0519031
0.0634881
0.0507015
0.0555449
0.0557629
0.0604552
0.0543098
0.0525315
0.052234
0.0609144
0.0514119
0.0512768
0.0563703
0.0550028
0.0543808
0.0568268
0.0511646
0.0646662
0.0518569
0.0621128
0.0610832
0.0541108
0.0511631
0.0514614
0.0550654
0.0549837
0.0596142
0.0551226
0.0526561
0.0510582
0.0525001
0.0520292
