0.11485
0.125823
0.0954194
0.0854258
0.12226
0.107441
0.100591
0.11289
0.0983843
0.142847
0.105151
0.0952067
0.1109
0.11707
0.123776
0.107334
0.105059
0.116143
0.106484
0.110414
0.107727
0.101986
0.101742
0.11878
0.103563
0.0948191
0.0996899
0.100916
0.0978884
0.0963587
0.105839
0.091988
0.0843871
0.0855441
0.10267
0.0900798
0.0982012
0.0897801
0.113973
0.101464
0.129966
0.100915
0.102948
0.108952
0.11239
0.111459
0.117255
0.0827088
0.10439
0.101185
0.14482
0.104744
0.0864456
0.103852
0.0999814
0.128355
0.122295
0.098482
0.102563
0.0904821
0.0919486
0.0988269
0.13559
0.105447
0.10436
0.0982053
0.0969581
0.11861
0.109395
0.12504
0.103398
0.110099
0.110316
0.0996316
0.0267422
0.0279156
0.0242954
0.0379124
0.0270419
0.0223756
0.0333947
0.0957733
0.10315
0.0996529
0.106222
0.086811
0.127755
0.116494
0.117246
0.100956
0.0965287
0.121211
0.095577
0.111118
0.10043
0.120551
0.0982669
0.0839232
0.123002
0.139484
