0.0626104
0.0594168
0.0627755
0.155908
0.0524876
0.0567523
0.062452
0.0561168
0.0568648
0.0800267
0.102318
0.0587648
0.0569937
0.0528472
0.0554066
0.0588942
0.0688844
0.0540247
0.0523164
0.0544328
0.0568792
0.0663485
0.0565471
0.0595621
0.0537746
0.0826652
0.0524761
0.0592238
0.0526756
0.0575726
0.0582299
0.0546659
0.052598
0.0572996
0.0555429
0.0539352
0.0654358
0.0649855
0.0831144
0.0550925
0.0538042
0.0529999
0.0560339
0.0575032
0.0814389
0.0617717
0.053018
0.0566238
0.0694025
0.0701715
0.0639689
0.0610307
0.0534975
0.0567162
0.0528103
0.0545904
0.0535263
0.05333
0.0592567
0.0616535
0.0604842
0.0545313
0.0528263
0.054138
0.0563007
0.0530697
0.0559432
0.0600523
0.0530968
0.0665587
0.0523324
0.0591836
0.0613579
0.0565549
0.0522946
0.0639386
0.0546984
0.0559313
0.0527031
0.0519403
0.0539356
0.0542858
0.0536519
0.0630099
0.0796834
0.0604588
0.055579
0.0789925
0.0574417
0.0608094
0.0606694
0.0675982
0.0830491
0.0566797
0.0657831
0.0565906
0.0530541
0.0587439
0.0532849
0.0606829
