0.0849207
0.0967247
0.064042
0.0814951
0.079623
0.0766211
0.0720558
0.0883808
0.053711
0.0601467
0.0738163
0.0565109
0.0717882
0.0665332
0.0669848
0.0654181
0.0625377
0.0774537
0.0574552
0.0699161
0.057222
0.104675
0.0837153
0.0696664
0.0771959
0.0741742
0.0689061
0.0869127
0.0771417
0.0812012
0.0890722
0.0622224
0.0530098
0.0536519
0.0707864
0.0589512
0.0619088
0.0513265
0.0521969
0.0548589
0.0771482
0.0523184
0.0516763
0.0778281
0.0521755
0.0730296
0.0654739
0.0528603
0.0514103
0.0715927
0.0673214
0.0623554
0.0539031
0.0532955
0.0519735
0.0557752
0.0638285
0.0511804
0.0596852
0.0530015
0.0618693
0.0722381
0.0540903
0.0530048
0.769068
0.0537799
0.0556192
0.0525352
0.0592156
0.0513955
0.0831225
0.0752138
0.0530032
0.0832358
0.0602715
0.0834657
0.0889917
0.0528406
0.0690457
0.311887
0.0629203
0.068599
0.0661653
0.0696418
0.0655676
0.0537455
0.0751793
0.0895155
0.0528948
0.0714926
0.0520622
0.0666235
0.105458
0.0572367
0.144053
0.0519916
0.262477
0.0653459
0.252629
0.0623883
