10.7007
10.6419
10.7098
10.42
10.7509
10.4577
10.6453
10.3405
10.5985
10.873
10.6012
10.7895
10.8426
10.48
10.8448
10.6813
11.3274
10.5945
10.3879
10.3394
10.3883
10.4775
10.6107
10.5349
10.9723
10.3312
10.7234
10.5521
10.6717
10.7035
10.272
10.6319
10.27
10.9148
10.4081
10.1482
11.0191
10.569
10.8683
10.6364
10.3333
10.9358
10.5429
10.9688
10.5109
10.4512
10.5659
10.5897
10.3502
10.6032
10.771
10.7095
10.7657
10.3324
10.5513
10.6279
10.2517
10.7645
10.6578
10.6709
10.9951
10.5078
10.7383
10.9808
10.9698
10.342
10.3545
10.2717
10.4636
10.9346
10.4521
10.4432
10.5363
10.3202
10.3344
11.0177
10.8634
10.5422
11.2986
11.0943
10.4992
10.3335
10.4138
10.7776
10.5182
10.2058
10.7736
11.5365
11.0992
10.6537
10.4483
10.3962
10.7419
10.5333
10.4174
10.4592
10.5035
10.8537
10.4766
9.96164
