4.16591
4.8114
3.96899
3.93753
4.03438
4.22711
4.27849
4.15775
4.6734
4.52137
3.98247
4.38194
4.04077
4.06034
3.98674
4.04911
4.10866
3.83075
4.04118
4.0794
4.75037
4.70322
3.90433
4.683
5.96837
4.18515
3.96047
3.99821
4.20186
3.85484
4.73182
4.32125
4.13672
3.97287
4.08502
3.83757
4.3369
4.1327
4.1452
4.16068
4.03859
4.59839
3.90635
4.07404
3.87842
4.86914
4.11044
3.93725
4.87721
3.93695
4.05718
3.8838
3.9104
4.00798
4.42489
3.98893
3.86446
3.85861
3.97187
4.12786
3.90887
3.88549
4.75942
4.09574
4.02733
3.97718
6.03656
4.73356
4.95834
4.50966
3.86109
3.9606
3.8883
3.88255
3.89097
4.00416
3.92278
3.93828
3.92457
4.08997
4.1702
3.95737
3.8925
3.90729
4.64195
3.97259
3.95093
3.91659
3.83971
3.94821
3.90062
4.54001
4.65325
3.84364
3.96382
3.83556
3.84808
3.97498
4.01558
3.85228
