3.86278
4.35651
3.93005
3.84503
3.88094
4.29807
3.91118
3.97136
3.86579
4.38374
3.89272
6.33333
5.42368
4.47423
4.47227
4.50866
4.62092
4.73971
3.95871
4.09851
3.88276
4.00975
3.87238
4.06683
3.84578
3.83788
3.88181
4.14418
3.90349
3.91988
4.77563
4.96232
4.89726
4.63146
4.59664
4.70358
4.52475
4.37403
4.8032
4.52481
4.51822
4.45886
4.63034
4.4996
4.43049
5.03345
4.31365
4.36776
4.42804
4.42378
4.39866
4.92531
1248.44
4.90496
6.93728
5.27502
4.19829
4.89213
4.38262
4.75612
4.35116
4.4542
4.58036
3.9374
3.81534
4.27513
3.87782
3.8765
3.76982
4.14629
3.90277
3.7674
3.95442
4.08395
3.8058
3.87959
3.85287
4.05433
3.75304
3.82343
3.78569
3.86766
3.80438
3.75445
3.8708
3.82516
3.78133
4.28874
3.79973
3.81512
3.81206
3.8421
3.77269
3.84001
3.78463
3.83705
3.86915
4.07748
6.36766
3.98465
3.95039
3.90759
4.87973
4.08873
3.77433
3.77646
3.98172
3.78348
3.83846
3.95928
4.10032
3.71517
3.85468
3.80386
4.22562
3.88246
3.8371
3.78971
4.2406
3.81036
3.85157
4.2937
4.1883
3.9459
3.69615
3.84148
3.78678
3.8437
3.82505
3.83672
3.87744
4.03678
4.0511
