10.4628
10.3708
10.7605
10.9213
10.5843
10.6659
11.0001
11.1181
10.8365
10.5033
10.5722
10.4075
10.8562
10.4422
10.2525
10.4268
10.5262
10.7125
11.05
10.3675
10.268
10.3895
10.4529
11.5176
10.2828
10.5474
10.4889
10.0489
10.5374
10.8725
10.4406
10.3177
11.1193
10.6893
10.6942
10.3514
10.4239
10.2714
10.7187
10.6305
11.0049
10.3838
10.5331
10.272
10.3725
10.9658
9.95443
10.5799
10.5756
10.8999
10.5988
10.45
10.3936
10.3855
10.3247
10.5881
10.6457
11.0852
10.671
11.1097
10.3615
10.6868
10.4336
10.7926
10.2631
10.6333
10.5747
10.1644
10.6401
10.8883
10.5349
10.5847
10.3851
10.2683
10.6567
10.7271
10.7382
11.2171
10.8528
10.5081
11.0429
10.2791
10.5695
11.1017
10.6293
10.756
10.6104
11.2117
10.6731
10.6686
10.3279
10.6244
10.4008
11.0726
9.9351
10.0918
10.4102
10.4277
10.7773
10.6565
