7.02744
7.30021
7.80059
7.14406
6.88615
7.05417
7.54851
7.21981
7.14583
7.32786
7.06689
7.14897
7.0789
7.06131
7.06248
7.95384
6.97498
7.19478
7.3272
7.06296
7.11001
7.26457
7.10348
7.04829
7.85563
6.96953
7.26564
7.14655
7.41678
7.09598
7.95631
7.12707
7.89927
7.05371
6.90371
8.01113
7.14465
7.08549
7.16941
7.32063
7.05778
6.83761
6.8944
7.05415
7.69236
7.07409
7.026
7.82177
7.28347
7.00487
6.9133
6.99619
7.0393
7.69329
7.20138
7.03059
7.20473
7.54506
7.07584
6.8987
7.00526
6.90118
7.95517
7.1608
7.19302
7.1437
7.67295
7.43984
6.96202
7.4111
6.89589
7.13412
6.83307
7.0675
6.94608
7.10227
6.6835
6.88652
7.80237
7.25854
6.88313
6.83702
7.0038
7.91858
7.01564
6.95756
6.88887
7.60463
6.92714
6.99456
6.97903
6.91679
7.05042
6.75813
6.90784
6.82507
7.56332
6.67105
6.73604
6.97918
8.45747
6.84112
7.69336
8.08063
7.25719
7.02713
8.82123
7.21016
7.17984
11.1713
13.5956
11.7277
10.761
7.40933
6.95784
7.00804
6.86046
8.20682
7.5606
6.97012
11.7528
7.33828
7.29039
7.27087
6.97964
7.54978
7.46161
6.77863
7.02793
7.34343
7.37433
9.08181
7.86368
7.20691
7.02719
9.24965
7.00476
7.19352
7.14577
8.40102
7.4634
7.14212
6.90588
7.85032
9.99768
7.28583
7.26516
7.32205
7.42824
7.81602
7.7525
8.10658
8.00535
8.75937
7.05166
7.60621
7.33249
8.10334
7.25648
11.2417
