4.00237
4.34177
4.20482
3.70903
3.86346
3.86422
3.81311
3.9034
4.17397
3.94639
3.76171
3.6821
3.8213
3.76021
3.93078
4.00275
3.77161
4.49009
3.90778
4.35481
4.17979
3.74936
3.90121
3.90411
3.97418
3.6855
3.89836
3.87501
3.94011
3.75792
3.84957
3.86264
4.59856
3.7621
3.87171
3.80553
3.967
3.8241
3.8682
3.67825
3.71938
3.70384
3.75126
3.80649
3.94481
3.72901
3.78818
4.07025
4.54479
3.91877
3.76683
3.8194
3.98263
3.83899
4.16707
3.85722
3.74435
3.83452
3.8445
3.75796
3.72487
3.89105
3.82322
3.83482
3.75352
3.73457
3.77391
3.78412
3.92119
3.8402
4.72317
3.72395
3.67437
3.63051
3.79908
3.94469
3.68409
3.90963
3.90387
3.8405
3.67248
3.7542
3.57032
3.68477
4.10241
4.23622
3.75984
3.7859
3.83786
3.85968
3.74052
3.77595
3.68168
3.80735
3.85458
3.7261
3.74394
3.91976
3.86721
3.69752
1.02453
0.968225
0.982996
0.961101
0.961325
0.99164
0.981238
0.981613
0.997748
1.01819
0.977363
0.981675
0.917418
0.938396
0.981958
0.985908
0.967014
0.968325
0.921685
0.95985
0.993666
0.952044
0.967898
0.959913
0.991429
0.995635
0.964269
0.966358
0.994165
1.02604
0.960307
0.995262
1.01287
0.968625
0.993689
0.949115
0.987886
0.95318
0.990859
0.966374
0.964419
0.984416
0.961487
0.980904
0.981057
1.01246
0.951093
1.03876
0.951128
0.967284
0.970928
0.999198
0.940077
0.99036
0.952556
0.958359
0.95273
0.976377
0.95172
0.977306
1.00663
0.972691
0.996477
0.95383
0.962247
1.00199
0.968565
1.02082
0.999509
1.00334
0.92883
0.955507
1.01204
1.03307
0.998503
0.965044
0.958716
0.928787
1.01369
0.927248
1.02304
0.957213
0.96922
0.970616
0.974916
0.989398
0.964287
0.990603
0.931791
0.952229
1.00333
0.927115
0.914816
0.965099
0.956381
0.968547
0.933826
1.07801
0.950463
0.938996
