5.77421
5.06658
4.88113
4.75147
5.34229
5.14285
4.97663
4.87128
4.79982
5.49473
4.94331
4.77486
4.79976
4.61131
5.05808
4.79854
4.92893
4.78749
4.76916
4.74843
4.96514
5.03598
5.188
5.58451
5.33697
5.51377
4.83026
4.72799
6.18012
5.32584
5.94294
3.79403
4.08882
4.09641
3.98875
3.78029
3.99297
3.79705
4.20886
4.12683
4.02095
4.17563
3.94247
4.0051
3.94293
3.91643
3.88312
4.4349
4.22084
5.3043
5.18942
4.31481
3.76682
4.11299
3.91113
3.97211
4.24363
4.23187
3.75334
3.87765
4.39775
5.29198
4.29458
5.44216
6.23446
3.82314
4.25483
4.85636
4.74454
3.96452
4.26758
4.36039
4.91318
5.39214
4.78535
4.44991
4.68012
4.16787
4.72796
6.05114
5.09904
4.29905
3.93206
5.04454
3.98776
4.92692
4.54536
4.38735
4.66001
6.04578
4.24966
4.37454
5.58448
5.46804
5.9039
4.58196
7.06616
4.85808
6.85223
6.55835
