4.54973
4.8985
3.92547
3.83649
3.89922
3.82112
3.88693
3.82565
3.82616
3.9856
4.13234
4.02575
3.76858
3.82598
3.82702
3.94147
3.85153
4.19475
4.33056
4.36588
5.259
3.77761
5.70797
10.0547
8.87642
6.62568
6.35977
3.74904
3.74695
3.79145
4.01034
3.67884
3.79206
3.9112
3.87631
6.63238
6.34525
3.85576
3.80477
3.75388
4.58866
4.61451
5.25348
6.12406
3.89131
3.75853
4.11569
3.63189
3.88963
3.75205
4.34189
4.0244
4.20618
3.95921
7.70108
6.07486
7.50457
7.23954
6.35159
4.08874
3.90555
5.51959
3.78385
4.34317
4.41303
4.64581
5.23096
3.81542
3.72279
3.84665
3.93752
3.89216
4.82507
3.916
4.03421
4.48102
4.77881
5.46363
3.67619
3.85296
3.87627
3.92617
3.91827
3.90593
3.82946
3.78928
3.96908
3.69729
3.83022
5.02304
6.62278
4.43161
4.63053
4.84404
4.21211
3.81503
3.72834
3.70984
3.83612
4.56575
3.90043
3.81506
4.28981
3.83747
4.44599
4.49444
3.91392
3.80189
4.02496
4.05143
0.977434
1.00221
1.00084
0.922158
0.957577
0.979411
0.994468
1.08625
0.971769
1.01674
2.10576
3.98902
3.81763
3.68448
3.86647
14.2219
8.5103
4.0583
4.35791
4.29342
4.0928
4.06841
3.93865
5.81447
3.89149
4.59506
3.80556
3.94118
3.94281
3.95379
4.39585
3.85354
3.81794
3.77242
3.83097
3.81672
4.20063
3.81831
3.77782
4.01886
3.84224
4.6054
4.8488
3.73517
3.85896
3.81095
3.80707
3.549
4.1791
3.94952
3.83988
3.77886
3.83164
3.83764
3.96979
3.90163
3.71904
4.42965
4.00324
3.83755
4.10882
3.86133
3.81945
3.80401
4.13312
3.89734
3.88102
3.82699
3.77479
3.57628
4.14445
3.81792
4.57832
3.8202
3.81037
3.75876
3.96172
3.80042
3.89071
3.87436
3.88378
3.82117
3.85877
3.86919
3.73122
3.84187
4.00551
4.02482
4.37048
3.85262
4.05404
4.45227
3.89924
3.97806
4.05352
4.07811
3.76858
3.87286
3.89035
4.01148
3.95939
3.80558
3.97212
3.84289
3.82344
3.86562
4.37859
4.1884
3.703
3.97138
4.10516
4.00515
3.76433
4.4827
6.39682
6.35535
5.76335
3.9148
4.61792
3.68204
4.01516
3.76417
3.83167
3.93408
3.85169
4.28684
1.00345
1.03129
0.985648
1.00457
0.969603
1.00815
0.977571
4.11147
4.54625
4.07687
3.90398
3.78772
4.03649
3.82665
3.76532
3.87947
3.93602
4.35622
4.00718
3.81307
3.76562
3.78202
3.78676
4.35957
4.36861
4.16656
4.04948
4.88942
4.00975
3.84957
3.88774
3.92421
4.32759
7.25842
4.02724
3.85101
3.90135
4.47419
3.83563
3.84015
3.79234
3.78928
3.83332
3.99213
3.88303
3.75252
3.89426
3.97312
3.77882
3.8733
3.75301
3.79716
3.86395
3.96639
3.78919
3.9828
3.86085
3.92632
3.73773
3.91604
3.79306
3.80163
3.75895
4.07849
4.28119
3.91637
4.00731
3.77358
3.74568
3.87492
3.76429
3.87943
3.89864
3.906
3.63339
3.76348
3.70741
3.9082
3.67491
4.40444
4.16762
3.66313
3.79258
3.82958
3.98293
3.91158
3.84119
3.7301
3.76853
3.80548
3.7806
3.83565
3.90915
3.77161
4.13427
4.13315
3.74414
3.78658
3.71754
3.8893
4.32292
4.09074
4.0113
3.97773
3.89291
4.22327
3.81901
3.83318
3.69734
4.13899
3.87679
4.51022
3.88297
3.73305
3.95262
4.02498
3.78363
3.69567
3.81123
3.85912
3.90965
3.81491
3.67782
3.98768
3.89805
4.15669
4.72652
4.03027
3.75257
3.88771
3.98354
3.88363
3.79359
3.95023
4.45691
3.82286
4.47825
3.84886
3.82074
3.83182
3.86453
3.91645
3.62615
3.76211
3.83326
3.8547
4.05854
3.86051
3.7794
3.84636
3.67051
4.37178
3.71228
3.89374
3.85924
3.80147
3.84665
3.82593
4.37359
3.83715
3.82119
3.88654
3.75938
3.77495
3.8675
3.66814
4.21156
3.88771
3.98536
3.77654
3.89352
3.86881
3.70262
3.77859
3.81752
3.91089
3.99525
3.84043
4.21997
4.29375
4.07718
4.70889
3.82855
3.83827
3.82943
3.8292
3.79006
3.8091
3.82957
3.8276
3.93848
