6.45632
3.83194
3.78877
3.87081
3.81651
3.89651
3.86418
3.87166
3.84487
4.15607
3.84051
4.44893
3.80098
3.6692
3.9632
3.69418
3.92533
3.93675
4.34031
4.59207
4.62228
5.7136
4.49826
7.2571
9.70256
8.52921
5.34624
3.97135
3.93996
3.845
4.032
3.80197
3.73601
3.7898
4.95529
5.55826
6.14295
3.70113
3.64356
3.89652
3.99192
4.34961
4.43049
4.60702
4.72029
3.88584
3.77844
3.9584
3.74883
3.74924
4.44533
4.20789
4.73443
4.22992
4.27786
4.65579
6.17585
5.57379
8.56695
4.02598
3.97119
4.48959
4.03996
3.97867
5.73006
5.55615
4.13539
4.25291
3.90615
4.18423
3.99604
3.98434
4.48944
3.79088
4.05151
6.00213
4.69344
3.91833
3.94283
3.9224
4.01041
4.01059
3.87375
3.77103
3.91796
3.75396
5.10563
3.7378
3.84356
4.95135
5.36334
4.9371
4.50016
4.52576
4.56093
3.94854
3.77681
3.84222
3.90674
3.89505
3.84895
3.98927
3.90868
4.09822
3.92642
4.70221
4.01865
3.89695
4.03295
4.1584
1.01552
1.012
0.996581
1.01167
1.00085
0.96396
0.982379
0.998352
1.02448
1.0142
0.979686
3.82281
3.82701
3.97107
4.08808
4.5208
7.98416
5.33633
4.47644
5.24419
4.05402
4.12252
4.07306
7.02912
3.97078
3.96193
4.04212
3.90313
3.81789
4.01024
4.33902
4.03596
3.78093
3.79488
3.90291
3.92444
3.79457
3.7614
4.20622
3.86979
3.82537
4.02448
5.18151
4.24572
3.79241
3.94114
3.87343
3.82262
4.00659
4.05578
4.16815
3.80088
3.85487
4.10252
3.87379
4.02252
4.04003
4.37755
3.9619
4.16744
3.77629
3.90466
3.86581
3.81303
4.41097
4.23702
3.87286
3.81604
3.9068
3.83836
4.12776
3.90107
4.02019
4.451
3.76282
3.91364
3.85665
3.93286
3.87462
3.92349
3.83061
3.83623
3.87321
3.8577
3.93578
3.85794
3.88756
3.96013
4.81308
3.9259
4.08765
4.43423
3.96891
4.04454
3.98686
3.95633
3.80435
3.79987
3.87553
3.78711
3.83379
4.03227
3.84312
4.12054
3.89583
3.94252
3.86299
3.90166
4.31713
3.8463
3.91354
3.97384
4.07965
3.83874
3.74521
4.22891
7.50045
4.32199
4.41194
4.09525
4.50956
3.91243
3.97993
3.78786
4.10244
3.82175
4.09284
5.3582
0.941561
1.02096
1.01319
1.03961
1.03297
1.04135
1.03412
1.55065
3.93251
4.51655
4.01493
3.9336
3.67282
3.96651
4.04605
4.14309
4.16391
3.89696
3.84277
3.83079
3.74681
3.97151
3.88524
3.91208
4.44583
4.01422
5.89943
4.05775
5.63922
4.05193
4.00624
3.89109
3.8844
5.17195
4.90174
3.79311
3.8343
3.98964
4.28554
3.80015
3.90572
3.73547
3.83454
3.89892
4.3373
3.92886
4.07459
3.75066
3.92797
4.05282
3.78012
3.88393
4.00142
3.76139
3.74765
3.97194
3.87746
3.8874
3.96064
4.06047
3.92741
3.79467
3.82171
3.62837
4.38643
3.84779
3.74818
3.94615
3.7754
3.90362
3.80281
3.69662
3.93246
3.71571
3.79929
3.79684
3.83605
3.82504
3.93246
4.15673
4.48827
3.99744
3.88833
3.87177
3.87756
3.80937
4.11522
3.88846
3.98996
3.81188
3.77615
3.76843
3.90909
3.86373
3.83252
4.47978
3.83315
3.76254
3.70943
3.90676
4.00513
4.13324
4.07802
4.02322
4.13227
4.16141
4.19552
4.12812
3.96402
3.82789
3.82059
4.09372
4.38781
3.92298
3.88179
3.85139
3.84584
3.74163
3.74289
3.85431
3.83588
3.95874
3.90242
3.73098
3.91003
4.26659
4.36232
4.761
4.26586
4.08548
4.1192
3.86147
3.87499
3.83881
3.97038
4.40178
4.13934
4.10582
3.97094
3.77363
3.74654
3.84068
3.83897
3.84246
3.95191
3.829
3.73359
4.07078
4.04979
3.66719
3.91678
3.71574
4.51677
4.04559
3.81
3.87941
3.90126
3.64074
3.91525
4.06741
3.91932
3.83553
3.9137
3.76611
3.86485
3.81078
3.65728
4.03999
4.39348
3.87791
3.72724
3.82228
3.74469
3.80239
3.95111
3.77227
3.82636
4.02469
3.84361
3.79124
4.20808
4.58969
3.81966
4.84916
3.96429
3.94947
3.69021
3.86467
3.86527
3.63063
4.06222
3.82358
3.92562
3.96454
