7.35082
6.93563
7.22888
7.28615
6.71295
6.77016
7.0493
7.00003
7.07716
6.88731
6.7061
7.07415
6.98712
6.48759
9.08505
6.73139
6.51035
6.50022
6.45806
6.41418
6.68888
6.84282
6.54532
6.63085
8.00605
6.2395
6.48248
6.39657
6.62247
6.42888
7.66531
7.25672
6.64008
6.57981
6.83987
7.00458
6.51007
6.69005
6.64434
7.62916
6.3575
7.35446
6.45109
6.74178
6.7375
6.58985
6.7411
6.60162
7.3186
6.44946
6.43813
6.48543
6.70977
6.71089
6.41191
6.64802
6.54426
6.56258
6.68388
6.76552
6.88907
6.25788
7.78618
6.39883
6.39827
6.44697
6.43754
6.49719
6.74892
6.67644
6.60728
7.49226
6.63364
5.45539
1.67832
1.67985
1.6994
1.75477
1.78136
1.69293
1.6525
6.58199
6.55947
6.44955
6.37163
6.98238
7.84068
6.77745
6.32748
6.38972
6.52809
6.3578
6.74125
6.5123
6.28828
8.31476
6.41231
6.83207
6.55038
7.20637
