4.19436
3.88582
3.86707
3.80681
3.64864
3.80151
3.82824
3.90648
5.00344
3.96617
3.60527
3.81104
3.82565
3.78683
3.84763
3.73316
3.87958
3.79231
3.77044
3.71386
3.85618
3.67125
3.76783
4.08387
4.3293
3.68563
3.91926
3.79348
3.94763
3.68485
3.87476
3.86051
3.68537
3.62894
3.73454
3.84981
3.73246
3.97658
3.7814
4.23705
4.05909
3.75761
3.6829
3.70974
3.76261
3.90135
3.63599
4.078
3.76215
3.77168
0.968654
1.00894
1.00006
1.08129
0.962513
1.00861
1.01061
0.958746
0.956891
0.947096
0.940052
0.958656
0.960213
1.00116
0.947277
0.996595
1.0213
0.994182
0.965592
0.963876
0.974454
0.975148
0.96406
0.922913
0.957684
0.951552
1.00672
1.00667
1.00547
0.967676
1.01749
0.969021
0.987193
0.980712
0.975524
0.983068
0.990906
0.959803
0.952668
0.998473
0.969008
1.03349
0.955583
0.959098
1.03325
0.993814
1.01517
1.0066
0.987826
0.994715
0.977568
1.02114
0.946429
0.949616
0.950813
0.923539
0.969662
1.0485
0.975053
0.944307
0.959066
1.00494
1.01552
0.959742
0.97159
0.944864
0.998129
1.00963
0.964282
1.01456
0.987017
0.976559
1.00615
0.939788
0.979467
1.04395
0.982667
0.990284
0.998617
1.0388
0.98354
0.946461
0.921172
0.979967
0.988318
1.00787
0.957104
0.961287
0.980376
0.970268
0.994262
0.96257
0.988848
0.947837
0.975893
0.935204
0.991095
1.01699
0.994005
1.03622
0.994701
0.99584
0.963022
1.0055
0.975752
1.01681
0.953349
0.97308
0.992168
0.935828
0.942406
0.981378
1.01088
0.995564
0.962043
0.942591
0.962084
1.00564
1.00982
0.92057
