0.953651
0.978213
0.971391
1.00241
0.960235
0.958451
0.989024
0.94283
0.966457
0.945244
0.949149
0.945179
0.964391
0.942388
0.932564
1.00172
0.935798
0.949932
1.00271
0.991129
0.9582
0.996788
0.928215
1.03344
0.92398
0.968124
0.973097
0.954206
1.00404
0.994587
1.04574
0.93414
0.979652
0.953211
0.988372
0.999759
0.957407
0.961932
0.929066
0.979964
1.03666
0.951183
0.982785
0.933963
1.02024
1.01606
0.939105
0.982925
0.949536
0.978922
0.965889
0.979154
0.986727
1.00659
0.954326
0.923574
0.961794
0.956005
0.982036
0.98026
0.923472
0.982745
0.960367
0.972961
0.9522
0.937185
1.01738
0.968443
0.942854
0.964788
0.994309
0.966191
0.971838
0.979347
0.907542
0.965838
1.01196
0.967134
1.1721
0.943
0.996705
1.00345
0.977527
0.952996
0.961251
1.00436
0.960271
0.97752
0.960116
1.04591
0.967177
1.00763
0.98545
0.972142
0.951928
0.975272
1.02472
1.02207
0.983648
1.03717
