3.84749
3.93898
3.81051
3.99072
4.00971
3.9933
3.85787
3.85557
4.05851
4.12018
4.20378
5.34224
4.57543
4.54414
4.9612
4.82918
4.57336
3.77184
3.7526
4.05682
3.98182
3.86486
3.88451
4.09562
3.96958
3.84376
3.87118
4.16046
4.00006
3.89197
5.73424
4.64631
5.48661
4.52227
4.59198
4.60795
4.57631
4.7524
5.19902
4.3819
4.40241
4.932
4.59318
4.70244
4.47569
4.45312
4.49117
4.58801
4.88039
4.41184
5.27661
5.33474
4.32235
4.825
5.33732
4.27964
4.33478
4.33097
5.04354
4.20993
4.26793
5.08551
4.32381
3.78608
3.80352
3.85492
3.86446
3.78351
3.85237
3.90428
3.8022
3.82494
4.05466
3.8776
3.77261
3.83932
3.87564
3.95563
3.76115
3.75784
4.02186
4.22981
3.78021
3.81706
3.73648
4.26095
3.8568
3.81143
3.8623
4.17552
3.9024
3.78045
3.76228
3.78613
4.21849
3.79762
4.43068
4.80193
4.1437
3.82236
3.89493
3.8807
4.0379
3.93955
3.80031
3.92886
3.83658
3.76607
3.89368
3.94707
3.69139
3.75017
3.84931
3.84772
3.7189
3.89217
3.93322
3.85989
3.74512
3.83489
4.06257
3.86154
3.75681
4.11618
3.76408
3.78931
3.90292
4.1721
3.80773
3.75047
3.84219
4.53505
4.19316
