64.8457
76.0359
61.7722
62.6489
62.7571
59.145
66.8923
60.3343
60.6486
59.1662
58.5453
57.3498
66.8267
70.3286
71.4262
65.9134
57.4263
57.5264
57.3363
58.106
58.0236
58.2478
58.6586
55.8206
28.0344
56.3155
55.0375
57.8515
56.6085
57.4555
57.9834
67.3629
68.0455
57.886
64.2829
60.3533
59.3194
57.7074
58.5888
61.3458
62.5933
61.9099
62.2976
56.9565
55.9418
58.9015
63.5227
59.626
57.0507
75.0064
73.1095
76.7661
63.8513
63.1695
57.2492
56.2236
58.5671
58.6954
57.9011
37.6115
64.6768
61.1975
57.0783
56.8632
61.3469
42.921
58.2826
59.4178
56.5587
57.5423
58.7883
60.0488
56.4895
55.4445
59.6825
56.9908
58.3174
57.7512
57.7321
66.8881
68.6313
70.3878
53.7136
73.6496
84.7064
82.5488
78.1604
86.717
82.056
37.5408
57.6181
55.5345
59.5501
61.1925
58.8868
56.8256
63.639
67.4742
62.0628
61.9721
59.1312
57.9165
57.0444
62.8805
58.761
104.92
