29.5528
31.2245
31.2045
30.0205
29.5756
29.6563
36.7328
30.7217
30.9834
36.4145
30.6063
55.926
31.1334
28.4826
32.119
29.9979
30.4825
30.343
29.2167
29.8761
29.1388
30.72
30.1428
29.2951
29.4469
29.4319
24.9741
19.4579
30.311
29.5672
42.0665
31.0827
30.7438
30.2662
30.9003
30.2533
30.3553
31.3215
31.7318
29.392
30.0733
29.2642
30.6013
24.2503
18.4045
33.2533
30.2651
29.8763
30.0346
29.6377
30.2014
30.3019
29.1778
29.5685
30.0111
29.5175
31.3881
30.0786
30.8767
29.9328
30.8629
29.4651
34.7255
31.2902
31.7623
36.544
38.2635
39.2986
38.8222
38.7134
40.1405
37.9328
29.6519
13.9807
30.2705
29.9112
30.8721
30.216
30.6423
30.6856
31.7037
29.6005
30.6841
30.2247
30.2007
31.7388
31.4321
30.0572
30.4066
32.1332
29.8592
32.7855
37.544
36.735
36.0166
31.8719
32.3704
32.2375
19.4262
31.1651
