5.28844
4.83704
4.68654
5.17649
4.64002
5.03399
5.04268
5.07048
4.65213
4.71383
5.0028
5.10348
4.61266
4.98075
4.94581
4.52927
4.78123
5.02069
5.12993
5.32788
4.89157
5.06805
5.48788
5.7191
4.9081
4.94415
4.99802
5.37327
4.80048
5.0569
4.56326
3.6596
4.15485
3.88493
3.88902
3.85577
3.99843
4.04468
3.82576
4.1234
3.84158
3.87216
3.93062
3.83442
3.80624
3.75756
3.70135
3.8437
4.38661
5.03118
5.39638
4.55056
3.83176
3.93829
3.84475
4.23334
3.76933
3.8646
4.02809
4.05679
5.02153
4.14493
4.8377
7.48357
4.56584
3.85918
4.09357
4.17901
3.97255
5.12032
4.57399
3.96737
4.56011
4.37893
3.79414
4.69836
4.85543
5.17081
4.91761
4.46348
3.96358
5.31487
4.22959
3.94993
3.81442
4.91134
5.41678
5.91037
4.15708
4.19694
4.97191
4.32655
5.99316
5.18241
5.94558
6.403
4.77673
5.29083
7.97284
5.9056
