7.03594
6.94694
6.94836
7.15354
6.76178
7.03231
7.11824
7.28644
7.41557
6.69359
6.68367
7.56249
6.2473
7.048
7.57257
6.48973
6.627
6.58535
6.8465
6.26891
7.7369
6.49013
6.68702
6.31693
6.29403
6.45105
6.40911
6.7298
6.87016
7.10586
6.33917
6.38837
6.6791
6.36488
6.75224
6.37742
6.23416
6.50802
6.55659
6.78902
6.78691
6.40014
6.41832
6.83542
6.49425
6.23347
6.33863
7.06733
7.62729
7.15727
6.52816
6.47417
7.92524
6.20701
6.61998
6.6738
6.92908
6.10708
6.86797
6.44869
6.54092
7.07935
6.21497
6.61604
6.50185
6.22246
6.34023
6.24007
6.47314
6.25426
6.47033
7.58284
6.61157
1.66598
1.66089
1.68753
1.73889
1.63942
1.81683
1.65918
4.58397
6.50343
6.53357
6.48376
6.39556
6.73462
6.99877
6.42493
6.50963
6.11264
6.26426
6.8902
6.29131
6.37087
6.42723
8.17999
6.65318
6.46353
6.61703
6.42583
