1.00244
0.977772
0.954248
1.02936
0.965272
1.0486
0.989561
0.962408
1.02265
0.998082
0.95978
0.986388
0.990776
1.02521
0.992798
0.941705
0.949767
0.968124
0.919564
0.977359
0.969922
0.968546
0.983471
0.976198
0.945833
0.945058
0.939156
0.972251
1.00052
0.968139
0.968364
0.973315
1.01029
0.976099
0.966813
1.00309
0.981618
0.958632
0.999797
0.959176
1.04723
1.0071
0.950954
0.963932
0.971111
1.00568
0.95642
1.00195
0.94416
0.930207
0.959058
0.983241
0.97439
0.979997
0.947861
0.949453
0.953063
0.973247
1.0291
0.997038
1.02927
0.98712
0.975459
0.963379
0.947437
0.989423
0.973626
0.977665
0.964131
0.954124
0.995724
0.975157
0.959588
1.00387
0.996222
0.983737
1.00927
1.08572
1.00828
1.02091
0.958548
0.969396
1.00567
1.00207
0.981092
0.96152
0.948437
0.995592
0.951673
0.965998
0.985079
0.98096
0.968415
1.00095
0.980036
1.10794
0.957157
1.0194
0.955527
0.936926
