62.7026
70.6284
73.7122
58.0505
61.7014
59.7989
67.9547
62.1164
59.7833
56.1027
59.6721
56.9607
79.5582
67.7347
70.8177
64.1686
60.1344
61.5874
56.8205
55.2112
57.7754
59.1545
57.6281
56.0539
57.2218
55.2898
59.4699
61.4515
56.2919
57.4228
59.1385
72.2861
63.113
27.2539
58.0132
63.9232
59.7999
58.7925
57.7069
59.5272
63.0344
60.8471
57.0688
57.707
57.2897
61.4881
67.5072
58.1287
59.8516
59.8245
67.6472
62.6538
87.1236
62.822
57.3117
55.3593
57.9055
57.5486
59.5848
58.6271
64.4507
69.551
58.1534
58.2143
59.56
33.6442
63.0966
58.7816
57.8118
59.559
56.7837
21.3337
60.2002
59.4487
56.5696
56.2562
55.0462
59.0481
62.8776
59.0066
68.7754
69.588
56.3684
71.9447
76.3081
79.0762
80.2699
80.8841
82.8631
80.7855
57.0872
57.0932
57.3967
61.1905
60.567
56.9947
59.5445
58.0412
60.403
62.4874
57.1412
60.9578
59.6809
56.0254
64.8827
102.579
