7.07847
7.09962
7.07256
7.22918
6.94094
7.33575
7.85408
7.24668
7.22635
7.12823
8.16435
7.10149
7.18506
7.0157
7.35002
7.08733
7.17946
6.98078
6.91197
7.78697
7.10007
7.18068
7.25238
7.31079
7.16713
7.10868
7.15588
7.05918
7.59113
7.06197
7.73437
7.37795
7.05148
7.14294
7.01684
7.08954
7.05025
7.02332
6.96957
7.78215
6.95433
7.03049
7.03921
6.92291
7.10704
6.92786
7.0402
7.17935
7.54553
6.78067
6.97453
6.93958
7.25282
7.20568
6.93502
6.99355
6.99567
7.35207
6.92025
6.97699
6.91353
7.21334
7.37965
8.08236
7.06114
6.95389
7.23962
6.90618
6.82705
7.30482
7.05633
6.85842
6.84295
7.61799
6.94341
6.84858
7.01404
7.38602
7.04825
7.46929
7.02922
6.91495
8.00644
6.95021
7.14964
7.15141
6.87518
7.08338
7.11846
6.96264
6.75024
7.5719
7.09169
7.1203
6.87211
6.83667
6.94098
6.88513
6.8879
7.11958
7.22423
6.78689
8.49369
8.52957
6.97865
7.66283
7.32989
7.51079
7.70747
10.0831
13.3767
8.46502
8.6135
6.94379
6.90591
7.232
7.16915
7.13749
14.0405
9.7127
14.3881
7.35218
6.96385
7.11719
8.16654
7.07156
7.04369
7.09769
7.55397
7.34344
7.14315
7.35495
8.39902
7.30003
13.0985
7.32292
7.66112
7.36333
7.02749
8.31305
8.40322
8.83707
7.29832
10.2037
9.92136
7.41258
7.34308
7.17595
7.96347
7.40148
7.07813
7.74079
10.1811
7.14053
8.03895
7.78509
8.34756
8.04565
8.18914
8.7432
