4.00306
3.79077
4.12367
3.68312
3.81176
4.45323
3.94899
3.91435
4.65535
3.86193
3.77916
3.8764
3.79895
3.77222
3.90537
3.80927
3.90371
3.9418
3.95383
3.8377
3.79221
3.73988
3.83379
4.57779
4.12132
3.71548
3.7798
3.7363
3.9722
3.8447
3.64661
3.85109
3.81525
3.9637
4.32272
3.86672
3.8321
3.91519
3.96343
4.3962
4.25477
4.32638
4.01195
3.84756
3.79399
3.72541
3.77622
3.92404
3.73712
3.9568
4.29091
4.32481
3.77286
3.86156
3.73739
3.67177
3.91042
3.79065
4.00401
3.74505
3.71193
3.75744
3.90899
3.82418
3.77835
3.65297
4.55211
3.90701
3.85871
3.74721
3.7826
3.88652
3.76204
3.91001
3.84778
3.69619
3.84672
3.78965
3.99348
3.82499
3.86488
3.77704
4.42506
3.85104
3.80827
3.76886
3.78121
3.75673
3.79221
3.86602
3.75751
3.73424
3.86759
3.9358
3.74034
3.93284
3.88945
4.73957
3.8928
3.94962
4.5826
3.80789
3.89455
3.95076
3.83113
3.85924
3.76555
3.83641
3.9708
4.08526
3.76177
3.76988
3.95474
3.74239
3.83073
4.19677
4.27692
3.86777
4.12954
3.81514
3.83394
3.91027
3.89225
3.83438
3.82391
3.88613
3.85001
3.77478
4.00973
3.84767
3.81702
4.44942
3.8647
3.81889
3.80432
3.87299
3.80091
3.91954
3.82997
3.83731
3.87078
3.86269
3.69819
3.82937
3.72693
3.63631
3.99633
4.54839
3.8739
1.02287
