3.83679
3.82805
3.79471
3.7788
3.73961
3.87528
3.75574
3.6711
3.77449
3.89499
3.87589
3.76846
3.80383
3.76063
3.86618
3.82214
3.75562
3.74039
3.78638
3.75977
3.90284
3.64048
4.12649
3.75299
3.74322
3.97649
3.94006
3.62962
3.67914
3.87456
4.17818
3.72342
3.71426
3.77144
3.86637
3.96179
3.80386
3.80772
4.35292
3.72008
3.77453
3.75496
3.72441
3.74196
3.79261
4.08525
4.40152
3.66883
3.65039
3.75252
3.87329
3.80779
3.69341
3.72069
3.77646
4.19053
3.72479
3.83118
3.84487
3.89566
3.86086
3.82538
3.74125
4.32127
3.73605
3.76612
3.71001
3.93134
3.83923
3.74642
3.62161
3.76296
3.72575
3.78722
3.63624
3.80226
3.7839
3.74214
3.78706
3.79215
4.09471
3.76318
3.88037
3.96547
3.71473
3.86959
3.71063
3.68286
4.22325
3.73012
3.81359
3.75685
3.73336
3.76496
3.77143
3.77073
4.4572
3.6801
3.72625
3.68207
