4.35825
3.78575
3.97035
3.79877
3.90103
3.78631
7.79651
5.49834
4.983
4.80268
4.94791
4.77517
5.10748
5.73127
4.88228
4.76329
4.74376
5.6104
4.92551
4.83473
4.64644
4.70058
5.29731
6.37977
5.38588
4.47465
5.38671
4.23352
3.83045
4.53545
4.86073
3.83931
4.04352
3.78445
4.33129
4.70528
5.3962
5.74016
5.37728
5.85867
6.40946
8.88669
6.43499
5.22961
4.76195
5.69688
4.30229
4.35159
4.72439
4.45632
4.40809
3.9834
4.49648
4.08893
4.06621
4.25148
4.15129
3.89817
4.05182
3.88918
3.81008
3.87684
3.70482
3.97595
4.59183
3.86808
4.03514
3.85128
3.78935
3.97821
3.72869
3.94178
3.99682
3.82275
3.84933
3.92563
3.95063
3.81414
3.90746
4.20753
4.32743
4.07657
3.65874
3.95407
3.91069
3.83735
4.15043
3.84813
3.87574
4.00961
4.01151
4.10313
3.84728
3.81378
4.08494
4.54881
3.83804
3.92687
3.94353
3.98717
