20.3306
19.4989
19.2606
19.1324
19.4328
19.2659
18.7257
19.3251
20.3191
19.7103
19.4697
19.7326
19.4817
19.7087
20.7498
19.4409
19.0413
19.3107
20.2569
18.9399
19.2359
19.7612
18.8974
19.1856
19.5452
19.4533
19.4079
20.1648
18.8298
19.1398
19.929
19.1521
19.6891
19.1415
18.9484
19.0455
18.6578
19.5046
19.3064
19.4014
19.7509
18.9282
19.4013
20.1725
19.6528
20.66
19.9743
19.0493
20.0974
18.2967
19.0879
19.4476
19.4717
20.2336
19.2532
19.09
19.2526
24.6673
20.088
19.5436
24.1996
19.9425
18.6908
20.0849
19.8594
19.2661
19.1252
19.3325
19.0122
19.0712
20.5395
19.8696
19.5655
19.5883
19.3668
28.3564
21.0393
19.4819
20.3089
19.2525
19.7883
19.0994
18.6993
18.9574
18.4341
19.2506
20.515
19.812
20.054
18.6945
18.8672
19.4124
19.1363
18.2797
19.2333
19.674
18.5641
19.6924
19.1983
18.892
