9.89226
21.2189
19.6885
19.9184
18.7121
19.4986
19.4979
19.8795
19.7413
19.6133
19.5158
20.0477
20.0588
19.8451
19.1006
19.647
18.6203
18.5273
18.774
19.913
20.6474
19.476
19.023
19.198
19.0954
18.8123
19.8579
19.3096
19.3666
19.4009
20.2017
18.8967
19.1791
19.8001
19.4102
18.775
18.9298
19.7844
20.2812
19.1348
18.882
18.866
19.434
19.3429
19.8489
18.4752
19.2516
19.7079
19.08
20.6414
19.8105
19.4093
19.1305
19.632
18.7757
19.2282
19.3866
20.7782
21.4071
20.1582
20.648
19.4899
20.027
18.9954
19.537
20.0779
18.9922
19.773
19.7114
19.2533
18.8146
19.1047
19.527
20.0256
19.6023
21.2759
20.6004
19.6698
20.1077
18.5482
18.3323
19.119
19.2922
20.6072
19.3382
19.8498
21.4588
19.1737
19.3536
19.2097
18.3952
19.8224
19.8934
19.2818
18.7125
19.2669
18.9711
19.5057
19.4819
19.1931
