4.52805
3.95887
3.88399
3.88663
4.09128
4.00885
5.187
5.22644
4.72163
5.18732
5.40431
4.81864
4.6824
5.8724
5.19732
4.62776
4.82322
4.80375
5.74191
4.84683
4.63272
4.80076
4.75181
6.03788
7.3683
4.43815
4.30845
4.71273
4.44772
4.03011
5.08209
4.33728
3.78421
3.68482
4.36955
5.52241
4.03656
5.87963
5.25459
7.75305
6.16545
6.28703
6.27557
4.9079
4.82474
5.4572
3.98856
5.96384
5.32024
4.17744
4.94377
3.95877
4.24415
3.91207
3.85578
3.82702
4.13179
4.46519
4.29949
4.5231
4.37421
3.88227
3.98476
3.99939
4.05659
4.49613
3.88893
3.84555
3.80175
4.03459
3.86005
3.90652
4.08185
3.8427
4.02922
4.04372
3.74528
3.87984
3.79723
3.97869
5.09836
3.94931
3.92022
3.83778
3.82221
3.93458
3.79997
4.05971
3.81601
3.77261
3.9421
3.94212
3.81042
4.00516
3.97264
4.82207
3.71596
3.97726
3.72145
3.93756
