3.93088
3.90214
3.66478
3.76869
3.8268
3.95155
3.8001
4.44359
4.101
3.73494
3.89063
3.77874
3.70662
3.87849
3.76063
3.72252
3.7504
3.59693
3.72432
3.78727
3.90184
3.71739
3.71626
4.27111
3.79498
3.92142
3.79337
3.84582
3.92337
3.81655
3.83259
3.64981
3.74533
3.71257
3.84831
3.85126
3.78909
3.78524
3.91906
4.6911
3.7006
3.88834
3.7407
3.71292
3.82498
3.78148
3.76005
3.93006
3.80857
3.73492
0.947466
1.02242
0.950283
0.975836
0.992003
1.00406
0.969739
0.960402
0.954483
1.03564
1.00709
1.02676
1.04217
0.997432
0.991733
1.00107
1.0095
1.02062
1.02179
0.992338
1.02055
0.979714
0.970268
0.991527
0.945547
0.958656
1.00457
1.04057
0.979888
1.03884
1.01025
0.942289
0.955257
0.984076
0.983795
0.988988
0.977368
0.997369
0.976224
1.0003
0.957953
1.04222
0.988194
0.979597
1.00074
0.975445
0.983526
1.00081
0.951936
0.977602
0.969932
1.05129
0.99068
0.971603
0.992216
0.943545
0.970519
0.989185
0.98573
0.945439
0.936811
0.901822
0.995321
0.971014
0.944752
0.964375
1.04686
0.983461
1.01725
0.951047
1.04178
0.947321
0.963813
0.935892
0.979433
1.00361
0.992815
0.99275
0.99349
1.01187
0.978693
0.969447
0.955272
0.964338
0.942415
0.975121
0.955369
0.998245
0.951431
0.951127
0.914281
0.98544
0.963863
0.959458
0.9922
0.97655
0.999248
1.0328
0.963087
1.00248
1.00635
0.977693
0.963142
0.922688
0.979008
0.952068
0.945466
0.967824
0.937236
0.98397
0.963627
0.946012
0.93116
0.976735
0.939374
0.986853
1.00463
0.961456
0.954482
