4.02032
3.84006
4.25656
3.68474
3.70244
3.80992
3.76434
3.91424
3.94566
3.82527
3.94133
3.82864
3.86881
3.88277
3.93301
3.79606
3.96512
4.33648
4.08848
4.28003
4.29302
3.81851
3.68053
3.80696
4.04246
3.93515
3.74298
3.67694
3.96008
3.88917
3.84936
3.89546
3.93809
4.29642
3.74555
4.02317
3.75818
3.86078
3.8394
3.97589
3.93636
3.79584
3.68814
3.83123
3.73233
3.72506
3.82059
3.9117
4.68722
3.97139
3.87845
3.77912
3.88773
3.82434
4.26311
3.99213
3.89345
3.69866
3.88537
3.90762
3.81852
3.75516
3.84369
3.8516
3.75914
3.91263
3.85631
3.76135
3.87825
3.7598
4.54262
3.87951
3.85102
3.76268
3.85507
3.91233
3.8941
3.86147
3.79749
3.87516
3.83431
3.96192
3.764
3.73406
4.09709
3.92894
4.41323
3.8474
3.83075
3.94982
3.74538
3.6971
3.77527
3.70911
3.73804
3.69248
3.86
4.13083
3.88082
3.94507
1.0314
0.970322
1.00728
0.990048
0.953308
0.95798
0.963789
0.97609
1.0048
1.01261
0.965471
0.946989
0.968309
0.924251
0.960572
1.00899
0.973222
1.0588
0.97923
0.958904
0.960438
0.986136
0.983269
0.962506
0.966908
0.967814
0.951123
1.00512
1.03447
0.996821
0.966401
0.95805
0.95717
0.980708
0.969502
0.994066
0.973516
0.967355
0.980918
0.970472
1.00297
0.921381
0.954819
0.945039
0.937608
0.956149
0.990429
1.00316
0.974123
0.998286
1.00873
0.964978
0.980699
0.974757
0.952882
0.965871
0.953387
0.936352
1.04322
0.964902
0.959765
0.959306
0.944351
1.00598
0.942407
0.97593
0.965203
0.971061
0.967672
0.981403
0.980912
0.981405
0.940204
0.993297
1.08033
1.01862
0.988043
0.991126
1.01452
0.929726
0.987293
0.975163
1.03485
0.978842
0.922827
0.962275
0.977036
0.939062
0.981196
0.930056
0.947419
0.991957
0.942495
0.90978
0.979716
0.97173
0.963771
1.02841
0.971296
0.967371
