29.9052
30.5391
32.7332
30.2829
32.1168
31.221
30.6096
29.5513
30.8752
32.2638
35.6782
47.2455
30.7882
30.742
31.6627
31.5734
29.8271
7.69625
29.674
31.9816
32.0296
31.6869
30.1082
30.384
31.3872
30.4235
7.45282
30.5724
30.3608
30.4495
31.525
28.9327
29.1783
31.3673
29.2992
30.16
30.21
29.4662
29.7306
30.8173
30.2863
30.0516
30.5894
7.47635
29.6754
30.4663
30.2813
30.3132
30.3002
30.6103
31.5336
30.5878
30.5088
29.8472
30.3359
31.0486
30.4134
30.6997
29.5848
29.8961
32.3041
30.3939
34.4223
34.1267
35.413
43.3755
38.9893
37.3456
39.1023
42.1248
39.4807
32.9732
7.44738
30.0327
30.6046
31.3929
30.8979
29.1389
28.8044
29.3959
29.3153
31.7586
30.6881
30.5362
31.7262
30.0619
30.5807
30.7564
29.7514
29.9471
38.0265
35.4181
40.0429
33.9252
37.1068
31.9705
31.09
32.5035
8.38103
32.008
