3.8902
3.83516
3.98265
3.78245
3.90566
4.45935
3.80646
4.53983
4.10822
3.90215
3.73609
3.79888
3.76448
3.83802
3.78087
3.54807
3.87802
4.01247
3.85934
3.90415
3.88559
3.94914
3.71315
4.51896
3.91231
3.89548
3.96496
3.81309
4.0123
3.81887
3.77956
3.83458
3.74547
3.82741
3.71117
3.84786
3.84446
3.81383
4.50674
4.0669
4.45375
4.0193
4.11408
3.93128
3.89085
3.91213
3.82065
3.88459
3.70556
3.88286
4.58221
3.72168
3.70965
3.80738
3.6784
3.75551
3.75758
3.97276
3.94976
3.7141
3.93592
3.78753
3.95577
3.71808
3.81373
3.98151
4.30038
3.78664
3.82888
3.69056
3.85081
3.84827
3.70684
3.78611
3.79228
3.72651
3.85709
3.85669
3.73195
3.76067
3.85934
4.46823
3.75184
3.84491
3.65337
3.79735
3.75671
3.84711
3.84119
3.78868
3.84482
3.89989
3.85027
3.67414
3.79139
4.19975
3.9269
4.65071
3.80292
3.7678
4.41984
4.04402
3.71278
3.74475
3.76041
3.84024
3.84341
3.69996
3.98571
4.03178
3.77119
3.88561
3.66815
3.82376
3.854
4.47921
3.76226
3.84032
3.72894
3.81402
3.76958
3.84409
3.91195
3.93388
4.04907
3.77569
3.67013
3.69626
3.95459
3.71906
4.07554
4.1782
3.81901
3.81675
3.80323
3.60595
3.77586
3.72057
3.76296
3.64626
3.86606
3.77854
3.87883
3.79617
3.78869
4.13709
4.57458
4.26105
3.39449
1.00298
