0.0699793
0.0783627
0.108089
0.0996849
0.0673498
0.0667648
0.0692092
0.0678544
0.0618637
0.0820539
0.0567565
0.0594008
0.0933304
0.0585333
0.0797454
0.0682481
0.0613193
0.0623736
0.0924863
0.0597707
0.0572273
0.0569133
0.0659765
0.0544332
0.0814262
0.0194074
0.0601681
0.0859049
0.0548544
0.0541092
0.0957034
0.056823
0.0634229
0.0322895
0.061621
0.0745253
0.0766528
0.0553179
0.0613197
0.0625135
0.0728142
0.0783721
0.0634434
0.0593404
0.0531863
0.0643725
0.093961
0.0755086
0.0806917
0.070956
0.0804167
0.0796141
0.244964
0.085032
0.0702593
0.0611349
0.0552116
0.0705323
0.0587049
0.0657507
0.068253
0.0722698
0.0627837
0.0648668
0.0544225
0.0601677
0.0786333
0.0586524
0.0550289
0.0727255
0.0551122
0.0724833
0.0843111
0.0716133
0.0569309
0.0739452
0.054388
0.0593211
0.072895
0.0603401
0.0940008
0.0931046
0.0758153
0.0842278
0.0807073
0.098438
0.0694198
0.107927
0.0876415
0.0942254
0.0764233
0.0799618
0.058321
0.0833205
0.0581535
0.0640342
0.104392
0.068182
0.0654001
0.0647523
0.0716999
0.0729127
0.0744917
0.0773889
0.0584512
0.100189
