0.0670685
0.0273334
0.0265878
0.0590152
0.0402557
0.0489905
0.0500448
0.0437199
0.0295634
0.046005
0.0402294
0.0520827
0.0403543
0.0455945
0.0551528
0.047313
0.0493715
0.0516541
0.0715254
0.0784177
0.0581285
0.035752
0.0283778
0.0834871
0.079077
0.120997
0.0876246
0.0221276
0.0553564
0.032342
0.025655
0.0372834
0.0311038
0.0403863
0.044885
0.0335663
0.0580652
0.043862
0.0306719
0.0488706
0.0489396
0.0567121
0.0385807
0.0688215
0.0394864
0.0287924
0.0265673
0.0322558
0.0493682
0.0544401
0.029047
0.0712799
0.0519604
0.0276799
0.06188
0.0562949
0.0837564
0.0614654
0.0727669
0.0515474
0.0309207
0.0318756
0.0566546
0.0331295
0.0634721
0.0502115
0.0418347
0.0664461
0.0542611
0.037854
0.0361757
0.0453876
0.0437643
0.0438989
0.0342634
0.049296
0.0829796
0.0485644
0.0744042
0.0368605
0.029694
0.0398
0.0362948
0.0330679
0.0388081
0.0402705
0.0407566
0.0543498
0.027771
0.0311777
0.0519292
0.0625402
0.0512272
0.0586186
0.0426911
0.0422066
0.0417912
0.0462284
0.0448407
0.0396071
0.0387975
0.0479009
0.0559452
0.0436862
0.0575783
0.048199
0.0465182
0.0306317
0.0401597
0.0426262
0.0144857
0.00944175
0.0075245
0.0119116
0.0139832
0.00713119
0.0139701
0.00953946
0.0102604
0.0123287
0.0157404
0.0523833
0.0286323
0.0444843
0.031374
0.0373269
0.0795499
0.0629056
0.0639295
0.0577499
0.0486662
0.0401506
0.08027
0.0425375
0.0693881
0.0336484
0.0623021
0.0279771
0.0287662
0.0418569
0.0380018
0.0506844
0.0279426
0.0513265
0.0544229
0.0419726
0.0321827
0.055051
0.0368186
0.0313961
0.0688856
0.0296924
0.0927096
0.0687411
0.052839
0.0605047
0.0442052
0.0540361
0.041067
0.0589766
0.0456659
0.0626026
0.037294
0.0332994
0.0359844
0.0425408
0.0265287
0.0530188
0.0324553
0.073207
0.0524169
0.0644895
0.040268
0.0469755
0.0611936
0.0350549
0.0343948
0.0446789
0.0496236
0.0482244
0.0505021
0.0426082
0.0234044
0.0573928
0.0450723
0.0581268
0.0555198
0.0470503
0.0418437
0.054702
0.0438899
0.0343562
0.0553425
0.0304929
0.060508
0.0526066
0.0466315
0.0398558
0.0421992
0.0391333
0.0386759
0.0322673
0.0283688
0.0752261
0.0475331
0.929889
0.0634442
0.0658385
0.0545518
0.0722644
0.0645978
0.0561151
0.0572507
0.0617224
0.0649714
0.056928
0.0635854
0.0602452
0.0676408
0.0550781
0.0732653
0.0603544
0.0589413
0.0535812
0.0512321
0.0645765
0.0608766
0.0763789
0.111435
0.080991
0.0973135
0.0533595
0.0792174
0.0559764
0.0597649
0.0518668
0.0582664
0.0549089
0.0543087
0.129371
0.0146976
0.0152789
0.0177693
0.0191922
0.0171337
0.0569715
0.0185395
0.013952
0.052816
0.085048
0.0654206
0.0698381
0.0644927
0.0604809
0.0819869
0.0581342
0.0750389
0.064666
0.0561701
0.0666202
0.0629286
0.0542307
0.0679602
0.0573049
0.0820764
0.0637472
0.0583756
0.0675513
0.096866
0.0537052
0.0685498
0.0577097
0.0597082
0.0790433
0.0981715
0.0701312
0.0698725
0.0661078
0.057575
0.0534285
0.0538194
0.0676474
0.0530122
0.064969
0.0604743
0.0759593
0.0541084
0.0637045
0.0593437
0.0515737
0.0767656
0.0594857
0.0554246
0.0587278
0.0561742
0.0621789
0.0609678
0.0598158
0.0590514
0.0586901
0.0546454
0.0606837
0.0550009
0.0614687
0.0819024
0.0549919
0.0506417
0.0535615
0.0538924
0.0536321
0.0592936
0.0620681
0.0610376
0.0647424
0.0638194
0.0614974
0.0675587
0.0602896
0.0644156
0.0541544
0.0556299
0.0528973
0.0622429
0.0696279
0.0669798
0.0571661
0.0520704
0.0508199
0.066185
0.0538793
0.0586523
0.061857
0.0581514
0.0665644
0.0624006
0.0664494
0.0560626
0.063156
0.0552875
0.0563147
0.0565413
0.067608
0.0775547
0.0626691
0.0661678
0.0683322
0.0615894
0.0522305
0.0593864
0.0601434
0.0535829
0.0531403
0.0525081
0.0575726
0.0550452
0.0601352
0.0582935
0.0648031
0.0553786
0.0569403
0.0684685
0.053706
0.0527643
0.055138
0.0578739
0.0681819
0.080977
0.059801
0.0763871
0.0531879
0.0550321
0.0514784
0.0523537
0.0561874
0.0643893
0.0568024
0.0622487
0.0594389
0.0701222
0.0564698
0.0625492
0.0622273
0.073019
0.0660479
0.0581235
0.066231
0.0668066
0.059062
0.0603889
0.0716863
0.066185
0.0642596
0.072243
0.0592263
0.0634311
0.0620081
0.0597567
0.0677722
0.0671416
0.0635928
0.0746759
0.0730855
0.0602773
0.0774956
0.0651184
0.0598536
0.0570627
0.0682714
0.058351
0.088311
0.0649616
0.0603249
0.076888
0.0574962
0.0674323
0.0585957
0.0593584
0.0640641
0.0546322
0.0606558
0.0662729
0.0734821
0.0816248
0.065492
0.0781705
0.0854963
0.0663566
0.0571522
0.0693454
0.0540673
0.0675431
0.0658147
0.0672541
0.0702396
0.0717767
0.0739337
0.0823893
