0.0663041
0.0563262
0.0590752
0.0666391
0.0579462
0.0575118
0.0580357
0.0533374
0.080027
0.0630969
0.0591729
0.0519317
0.0584971
0.0559723
0.0602321
0.0587008
0.0600022
0.0570561
0.0540238
0.0516295
0.0521591
0.0582812
0.0529457
0.0515958
0.0508109
0.0569732
0.0577204
0.0526805
0.051967
0.0652917
0.0539187
0.0672992
0.0537758
0.0637833
0.0664198
0.0543752
0.0553252
0.0550149
0.0663804
0.0759265
0.0623431
0.0516525
0.051705
0.061063
0.0567022
0.0523865
0.0539154
0.0557391
0.0527536
0.0638958
0.0860637
0.07474
0.0527741
0.0652358
0.0582459
0.0675226
0.0621329
0.0694521
0.0671794
0.0558228
0.0648376
0.0537249
0.0552842
0.0507082
0.0545444
0.0596343
0.0580866
0.0604448
0.0610712
0.0586572
0.0521484
0.0534187
0.0659921
0.0620623
0.0562736
0.0537274
0.0513651
0.056322
0.0524448
0.0576128
0.056905
0.0562588
0.0828072
0.0639303
0.0528956
0.0613636
0.0564362
0.0553236
0.0526107
0.065781
0.0702552
0.0566997
0.0721297
0.0529375
0.0616994
0.0571095
0.0696361
0.0919805
0.0591417
0.0653483
0.0776877
0.0702084
0.0606418
0.0533464
0.0522075
0.0627611
0.0584306
0.0587459
0.0524169
0.0664042
0.0525508
0.0508716
0.0589315
0.0594036
0.058718
0.0532421
0.0621592
0.053908
0.0526706
0.0554574
0.0535336
0.0578772
0.0613693
0.0538111
0.0630246
0.0557711
0.0515548
0.0538284
0.0529917
0.055675
0.0525458
0.0564895
0.0591589
0.0529753
0.0616115
0.0581038
0.0533661
0.062339
0.0554665
0.0623554
0.0581982
0.0524613
0.0524892
0.0535591
0.0590612
0.0562309
0.0651603
0.0539466
0.0692075
0.0139651
