0.0754075
0.06412
0.0550461
0.0699005
0.0645461
0.0526345
0.0564132
0.0598774
0.059287
0.0541215
0.0550058
0.052568
0.0579872
0.0550617
0.053954
0.0641659
0.05713
0.0544056
0.0872616
0.0827341
0.0695244
0.0526559
0.0596031
0.0631815
0.054707
0.0577097
0.0611427
0.0546002
0.0646455
0.0565125
0.0532052
0.0532955
0.0580291
0.0552325
0.0545058
0.0537947
0.0577737
0.0584183
0.0572154
0.0573813
0.060866
0.0555239
0.0566981
0.0562481
0.0525951
0.0575028
0.0613693
0.0557916
0.0560059
0.0597353
0.0778503
0.0574642
0.0660274
0.0552916
0.0541478
0.0719852
0.0535903
0.0521066
0.0560338
0.0526953
0.0556717
0.0532528
0.0557678
0.0526633
0.0530196
0.0545608
0.0535106
0.0651513
0.0522814
0.0706279
0.0793824
0.0507476
0.0538111
0.0632537
0.0645609
0.0579322
0.0523915
0.0565815
0.0530779
0.0747211
0.0525976
0.0541207
0.0570348
0.068654
0.0530878
0.0573082
0.0761079
0.0579913
0.0570233
0.0563828
0.0715344
0.0633325
0.0604464
0.0525015
0.056093
0.0540805
0.0576924
0.0635986
0.0551577
0.0538588
0.0605893
0.0241779
0.0218772
0.013718
0.0165393
0.0204551
0.0133863
0.0136343
0.0168127
0.0140777
0.0141647
0.0137353
0.0177644
0.0140317
0.0154045
0.0157297
0.0198582
0.0209486
0.0134372
0.0154653
0.0138387
0.0134733
0.0138921
0.0134438
0.0154916
0.0135973
0.0132229
0.0185674
0.01353
0.0156345
0.013034
0.0160204
0.0139808
0.0135448
0.0136942
0.0158964
0.013764
0.0129675
0.0157995
0.0135259
0.0169104
0.0155211
0.0144972
0.0135932
0.0138445
0.0155376
0.0154119
0.0136047
0.0156854
0.013654
0.0135242
0.016536
0.0157494
0.0227574
0.0150942
0.0133567
0.0137739
0.0136794
0.0146245
0.013351
0.0152247
0.0134503
0.0157593
0.0135251
0.0158052
0.0137115
0.015421
0.0135013
0.0131736
0.0138568
0.0153906
0.0163078
0.0139331
0.0130119
0.0155105
0.013828
0.0140645
0.0133526
0.0133896
0.0183999
0.0155778
0.0138231
0.0169671
0.013521
0.0161698
0.0332313
0.0129823
0.0149677
0.0129856
0.0157937
0.0142944
0.0157929
0.0275083
0.0156862
0.0133337
0.0156821
0.0131096
0.0167823
0.0155458
0.0134659
0.013966
