0.0863059
0.0842113
0.0567137
0.0588223
0.0604497
0.0630057
0.0573648
0.0613586
0.058227
0.0728712
0.0580299
0.0536814
0.0584011
0.0539458
0.0557818
0.0554862
0.0606229
0.0541897
0.0553022
0.0563968
0.0509127
0.0649427
0.0532339
0.0571021
0.0565758
0.0640485
0.0565561
0.0561907
0.0553072
0.0578772
0.0573172
0.0521763
0.0535894
0.0537438
0.0568114
0.0572811
0.06881
0.056937
0.0532602
0.0552554
0.0563787
0.0684496
0.0571628
0.0529794
0.0597091
0.0561389
0.0600679
0.0560905
0.0590941
0.059085
0.0590826
0.0570282
0.0139775
0.0125964
0.0132631
0.0167101
0.0135793
0.0130538
0.01448
0.0157896
0.0137287
0.0167552
0.0130135
0.0130948
0.0130086
0.01431
0.0184804
0.0157806
0.0134052
0.0134405
0.0151188
0.0141466
0.0165286
0.0150441
0.0151278
0.0138732
0.017197
0.0157699
0.0146434
0.0152444
0.0134815
0.0142599
0.0131285
0.0139003
0.0140809
0.0137821
0.0155786
0.0137878
0.0128797
0.0252437
0.0142
0.0157256
0.0169384
0.0131597
0.0134208
0.0166403
0.0152313
0.0155285
0.0129289
0.0129864
0.0157412
0.015609
0.0147501
0.0130677
0.0129257
0.0153955
0.0139529
0.0154021
0.0132172
0.0134397
0.0136154
0.0161485
0.0185066
0.0176026
0.013351
0.0130176
0.015595
0.0135489
0.0131769
0.0145079
0.0161427
0.0140194
0.0156854
0.0145572
0.0165106
0.0174466
0.0161411
0.0140522
0.0135423
0.013773
0.0192391
0.0137845
0.0141409
0.0138568
0.0139676
0.0136761
0.0163431
0.0141015
0.0130217
0.0294978
0.0145588
0.0171847
0.0134413
0.0155852
0.0130915
0.0141072
0.0137
0.0169408
0.0166953
0.013741
0.0140506
0.0137541
0.0136515
0.0135472
0.0435664
0.0133535
0.013631
0.0124084
0.0156928
0.0155901
0.0140998
0.0187078
0.0136605
0.0149644
0.0136474
0.0155466
0.0146114
0.0150268
0.0136072
0.0135924
0.0130324
0.0138937
