0.109077
0.330283
0.197334
0.233135
0.197178
0.180121
0.283718
0.189728
0.188481
0.196656
0.261592
0.214798
0.232078
0.241589
0.266778
0.144321
0.187882
0.158169
0.259344
0.190307
0.167096
0.152922
0.191377
0.263097
0.145467
0.23518
0.163797
0.141961
0.217193
0.278648
0.216931
0.20375
0.217014
0.238769
0.123277
0.200037
0.350825
0.153091
0.263517
0.100333
0.171991
0.12956
0.239049
0.179931
0.157457
0.227366
0.268031
0.209421
0.252031
0.154794
0.280482
0.200193
0.179759
0.160184
0.218514
0.220644
0.130804
0.159742
0.151863
0.182788
0.334301
0.218743
0.200427
0.193771
0.223297
0.148752
0.190808
0.217784
0.221637
0.20882
0.201804
0.143467
0.203641
0.271415
0.149559
0.188283
0.228756
0.236709
0.179866
0.422114
0.239843
0.129752
0.276629
0.133871
0.192164
0.201567
0.190034
0.234817
0.153608
0.189983
0.115932
0.104551
0.144412
0.194207
0.233606
0.192588
0.213618
0.182644
0.213458
0.241464
0.122315
0.174873
