0.120583
0.0996119
0.11104
0.114096
0.0887554
0.0925505
0.145536
0.0841704
0.118268
0.0599834
0.0998943
0.0983211
0.0796371
0.099423
0.124232
0.0723737
0.0874654
0.0590868
0.0849176
0.128861
0.111583
0.100583
0.117532
0.0573633
0.12839
0.111331
0.146793
0.110876
0.0642892
0.129239
0.144574
0.160862
0.140916
0.139379
0.0732129
0.0924322
0.13575
0.122232
0.147542
0.097881
0.0851237
0.12406
0.108417
0.0967167
0.073341
0.108579
0.103864
0.120542
0.147879
0.144122
0.0945523
0.152003
0.109573
0.117486
0.120346
0.0871362
0.118596
0.0964942
0.122936
0.0913402
0.0998631
0.150976
0.0740151
0.146474
0.0664635
0.0898581
0.107193
0.10798
0.0809385
0.119381
0.10284
0.148066
0.0943183
0.107738
0.0964589
0.127022
0.110085
0.138205
0.128072
0.0487451
0.0862617
0.103754
0.125433
0.12923
0.0773898
0.101655
0.144398
0.104864
0.167429
0.152078
0.114035
0.11818
0.103341
0.0730519
0.112085
0.147902
0.086591
0.0919552
0.0796478
0.128656
