0.0421369
0.223342
0.261076
0.197536
0.12391
0.183924
0.21124
0.219667
0.167263
0.217445
0.235455
0.193206
0.191904
0.242957
0.226886
0.252082
0.263344
0.179004
0.155132
0.219901
0.132431
0.15036
0.192306
0.246636
0.19933
0.116934
0.206958
0.20168
0.187882
0.199476
0.24524
0.212462
0.112593
0.131624
0.248698
0.127815
0.196168
0.234323
0.240845
0.140199
0.178884
0.140203
0.132733
0.250412
0.170826
0.208034
0.170536
0.207476
0.189409
0.148035
0.162747
0.301865
0.240866
0.240675
0.138143
0.196114
0.168714
0.141931
0.243616
0.188227
0.453357
0.175799
0.17896
0.201719
0.274986
0.236718
0.173629
0.135366
0.121406
0.265222
0.154114
0.144867
0.170563
0.160955
0.216537
0.189007
0.195557
0.243115
0.209239
0.191094
0.173813
0.160567
0.180845
0.171484
0.157979
0.244244
0.119088
0.277907
0.26653
0.177454
0.191551
0.265903
0.126023
0.187707
0.22526
0.154299
0.168906
0.216228
0.205787
0.213576
0.174223
0.206981
