0.0739013
0.0826882
0.101499
0.0802282
0.0683248
0.0727316
0.0622923
0.0716926
0.0717866
0.0547452
0.0571243
0.0612445
0.0955149
0.0796867
0.0900928
0.0617516
0.0664544
0.0542242
0.0590645
0.0570754
0.0597284
0.0615808
0.0784263
0.0548491
0.0722952
0.0213784
0.0685753
0.0720058
0.0661444
0.0553626
0.0686163
0.0764422
0.056816
0.0157297
0.0793792
0.119755
0.0572783
0.0633014
0.0653053
0.0671774
0.0690482
0.06465
0.0560922
0.0583046
0.0556615
0.0545296
0.0925377
0.0759877
0.0753604
0.0649136
0.0586634
0.0684973
0.186446
0.069997
0.0565947
0.0741862
0.0559046
0.0606911
0.0580472
0.0636586
0.0720317
0.0792659
0.0593187
0.0573312
0.0525196
0.0598429
0.0577492
0.0669039
0.0602108
0.0696185
0.0956127
0.0566592
0.0572109
0.0799491
0.0567967
0.0753961
0.0642066
0.0602605
0.0587258
0.0667635
0.0979795
0.0690055
0.0955556
0.0778126
0.0741296
0.105389
0.0908774
0.0797105
0.10044
0.101658
0.0567195
0.0679677
0.0586212
0.0716256
0.0762894
0.062516
0.104431
0.06116
0.0710525
0.0631905
0.0687436
0.0596245
0.0592834
0.0569231
0.0598007
0.0917781
