0.0619038
0.0795935
0.0521919
0.062073
0.0639336
0.0669388
0.0555133
0.073909
0.0789875
0.0892298
0.0773289
0.0691147
0.0673477
0.100067
0.0808144
0.0774939
0.0735978
0.0839912
0.105885
0.0620303
0.065327
0.0855209
0.0864364
0.105774
0.194826
0.0815091
0.0618299
0.140214
0.0671818
0.06602
0.0852943
0.0550879
0.0568254
0.0606706
0.0598527
0.0917826
0.0602058
0.105139
0.102678
0.119983
0.085323
0.116699
0.117737
0.0704391
0.0650938
0.0735855
0.0645198
0.123152
0.0532027
0.0581014
0.0626124
0.0681285
0.101095
0.0597928
0.0556529
0.0540115
0.0681507
0.0644796
0.0522273
0.0631962
0.0807257
0.0651381
0.0535796
0.0757187
0.0545378
0.0590785
0.0584963
0.0573878
0.0602017
0.065313
0.0518569
0.060003
0.0619342
0.0713021
0.0585226
0.0501844
0.053073
0.0675965
0.0625821
0.0571727
0.0775309
0.0642908
0.0514275
0.0583674
0.0549328
0.0635485
0.0619662
0.07094
0.052857
0.0606205
0.0598355
0.0583313
0.0668969
0.0650823
0.0538514
0.0654033
0.0556044
0.050934
0.0624252
0.0566283
