0.0860801
0.055813
0.0774947
0.0921907
0.0817037
0.0865908
0.0725534
0.0752269
0.0922843
0.0776261
0.0794391
0.0670784
0.0737391
0.0527454
0.0888078
0.0755159
0.0657827
0.0559345
0.0769676
0.0830092
0.0597115
0.0605655
0.0934831
0.0686861
0.0933977
0.0682969
0.102768
0.0861047
0.084052
0.0530278
0.0951006
0.0699505
0.0663689
0.051384
0.0638777
0.0524383
0.0630517
0.0648072
0.0588346
0.0536404
0.0533201
0.070481
0.056887
0.0638876
0.0711789
0.0567162
0.0662983
0.0520113
0.0709638
0.0519883
0.0812521
0.051563
0.0512789
0.0522708
0.0509882
0.0536141
0.0517256
0.0507091
0.060554
0.0647612
0.0570758
0.0615902
0.0802339
0.0649846
0.101845
0.0532889
0.0622438
0.0577754
0.0682525
0.0882215
0.0543251
0.0514185
0.0531165
0.0656497
0.0549787
0.0523069
0.0914106
0.0514185
0.0857205
0.0873856
0.0754486
0.0569395
0.0635132
0.084121
0.0600038
0.0750216
0.0902677
0.0701903
0.0512001
0.0821914
0.0591548
0.0735207
0.0558048
0.051095
0.0969432
0.077636
0.117787
0.0862115
0.0549886
0.179499
