0.0573727
0.0557354
0.0786378
0.0677587
0.0657014
0.0583629
0.0784066
0.0726187
0.0618682
0.0575045
0.0589323
0.0695996
0.0561172
0.05909
0.0721039
0.0599497
0.058007
0.0588494
0.0732452
0.0634685
0.0560261
0.0603672
0.0672948
0.0591885
0.0666712
0.0536334
0.0605856
0.0558463
0.0598852
0.0657942
0.081388
0.0608976
0.0688039
0.0750792
0.0602165
0.06264
0.0620747
0.0574244
0.0630514
0.0586889
0.0669528
0.0559144
0.0565873
0.0620513
0.0574655
0.0568373
0.0587833
0.0609104
0.0576543
0.0724303
0.0646492
0.0591869
0.0614043
0.0599226
0.0598672
0.0554082
0.0522384
0.0569806
0.0544656
0.0521185
