0.0165606
0.0281274
0.0137427
0.0131112
0.0138568
0.00652277
0.00871509
0.0093498
0.0106471
0.0088514
0.00996398
0.0108023
0.010088
0.00965853
0.00774785
0.00638237
0.00628958
0.01157
0.0114403
0.00973818
0.00784391
0.013158
0.00668124
0.0128419
0.014902
0.012433
0.00910758
0.0137755
0.00765506
0.0101643
0.00958135
0.0101963
0.0089294
0.00861164
0.0110437
0.00920693
0.0120372
0.00886946
0.0305882
0.022103
0.00794737
0.00995495
0.0100444
0.0133559
0.00903368
0.00766491
0.0104796
0.0139093
0.00934241
0.00575259
0.00889738
0.00817728
0.0101044
0.036372
0.00925455
0.0233454
0.00890312
0.00866419
0.00583634
0.00917409
0.00791206
0.00631504
0.0104993
0.013778
0.0137681
0.0122836
0.0075902
0.00990075
0.00519753
0.0137172
0.0128838
0.0121859
0.0136753
0.0131638
0.0112129
0.0133083
0.00754586
0.0107153
0.00682329
0.00895814
0.0103992
0.00505301
0.0141729
0.0109633
0.0106586
0.0105404
0.00850982
0.00748427
0.0135719
0.010496
0.0131777
0.00932024
0.011258
0.0122852
0.0117786
0.00767723
0.00610155
0.0119223
0.00831604
0.0106151
