0.0614637
0.0553663
0.0798455
0.0730272
0.058268
0.0558442
0.055845
0.0541576
0.0544114
0.053651
0.0571251
0.06026
0.0541355
0.0546257
0.0567539
0.0696008
0.0527831
0.0526633
0.0672992
0.0692411
0.0652785
0.0677755
0.0688265
0.0572105
0.053835
0.0535714
0.0638523
0.0618858
0.0680004
0.0543876
0.0584651
0.0510941
0.0582352
0.0857804
0.074024
0.0560494
0.060453
0.053316
0.0637973
0.0582196
0.0621313
0.0533899
0.0557974
0.0551536
0.0564214
0.0526025
0.0534761
0.0741053
0.0827432
0.0520811
0.0594562
0.0676712
0.0555354
0.0636175
0.0574248
0.0533308
0.0569748
0.0645806
0.0560913
0.0584774
0.0619227
0.0569978
0.0528447
0.0567876
0.0612773
0.0604546
0.0520688
0.0604259
0.0685186
0.0591187
0.064487
0.0514177
0.0570454
0.0731988
0.0689037
0.0542356
0.0586835
0.0627701
0.058117
0.0585447
0.0535525
0.0534261
0.0511722
0.0537964
0.0660134
0.0700942
0.0823293
0.061467
0.0628284
0.0553909
0.05478
0.0576571
0.0577524
0.0567671
0.0637997
0.0631051
0.0659198
0.0592747
0.0628382
0.0614522
0.0755923
0.0139635
0.0228346
0.0137073
0.0141803
0.0174212
0.0136055
0.0135349
0.0150457
0.0140588
0.0140604
0.0136803
0.0152921
0.0156739
0.0156492
0.013617
0.0135546
0.017596
0.0136466
0.0147329
0.0137106
0.0138092
0.015632
0.0137919
0.0136088
0.0136761
0.0133535
0.0140768
0.013571
0.0140095
0.0137583
0.0156369
0.015678
0.0139791
0.0135998
0.0184032
0.0162913
0.013493
0.0155622
0.0134052
0.0155523
0.0154136
0.0142082
0.0136014
0.0137139
0.0184434
0.0155088
0.0155055
0.0137172
0.0136064
0.013663
0.0158865
0.0166584
0.0512207
0.0158939
0.0173111
0.0156098
0.0136876
0.0158085
0.0129749
0.0136433
0.0130127
0.0170796
0.013599
0.0155942
0.0154776
0.0149924
0.013135
0.0132352
0.0136663
0.0139882
0.0141491
0.0134914
0.0132804
0.0156106
0.0139972
0.0135021
0.0137312
0.012984
0.0155343
0.0151976
0.0135628
0.0155417
0.0137032
0.0138289
0.0137123
0.0133181
0.0155335
0.0137402
0.0156147
0.0163841
0.0137837
0.0128715
0.0156345
0.0129306
0.015866
0.0135497
0.0137607
0.0135899
0.013374
0.0154374
