0.176988
0.12928
0.0950178
0.0765982
0.144856
0.136884
0.0945966
0.152313
0.118459
0.10374
0.0879211
0.119373
0.0891889
0.0983745
0.12375
0.106112
0.131046
0.128541
0.139572
0.0516854
0.0995782
0.13632
0.0924043
0.148454
0.132404
0.131192
0.110679
0.10924
0.0870261
0.0686057
0.085728
0.0998147
0.0989148
0.145336
0.0730339
0.141192
0.120825
0.09297
0.112183
0.102759
0.0986684
0.120918
0.081565
0.0858454
0.0820281
0.106654
0.0726619
0.11553
0.0742786
0.0963669
0.14992
0.101712
0.0683233
0.086233
0.0652647
0.117817
0.0655488
0.13302
0.0931564
0.148833
0.114672
0.123344
0.108673
0.112873
0.0684809
0.0987415
0.0556636
0.0739789
0.106333
0.106714
0.0896955
0.109885
0.123431
0.117843
0.0726562
0.092089
0.170287
0.12703
0.144181
0.108802
0.104249
0.0883382
0.108042
0.145774
0.118448
0.107649
0.105314
0.144684
0.142684
0.113157
0.118191
0.101451
0.118279
0.159986
0.0888038
0.0816201
0.14656
0.0905897
0.0987473
0.0960524
