0.0840278
0.0614137
0.0643314
0.0608878
0.0670443
0.0556985
0.0815777
0.0647872
0.0614162
0.0807402
0.0699161
0.0581223
0.0569773
0.0704855
0.0570291
0.0602859
0.079091
0.0557219
0.0598889
0.0605569
0.0618361
0.0722135
0.057518
0.0642083
0.068898
0.163574
0.0643565
0.0715714
0.0602182
0.0609186
0.0588613
0.0569322
0.0784838
0.0569593
0.0573649
0.0545547
0.0586914
0.0709577
0.0668436
0.0592152
0.0616621
0.062525
0.0722082
0.0551492
0.0709872
0.0755661
0.057121
0.0568829
0.0590925
0.0761228
0.0606899
0.0602913
0.0585128
0.0567778
0.0579643
0.0830249
0.0568681
0.0576239
0.0621888
0.060297
0.0598429
0.0559514
0.0577623
0.0609654
0.0750324
0.0608746
0.066355
0.0839445
0.0563381
0.0628174
0.066713
0.0553446
0.0608993
0.0563406
0.056435
0.0589549
0.077932
0.060297
0.0624745
0.0570061
0.0579015
0.0554205
0.0555897
0.0586795
0.0564153
0.0836374
0.0603335
0.0595149
0.0681085
0.0550338
0.0615796
0.0584401
0.0612922
0.0636118
0.0565114
0.0732284
0.060795
0.0555306
0.115075
0.0575956
