0.0625608
0.0707253
0.0624959
0.0612519
0.062429
0.060664
0.105775
0.0605483
0.0634102
0.0566493
0.0698447
0.0573337
0.070862
0.0568238
0.0588905
0.0529043
0.0648541
0.0530229
0.0800295
0.0592977
0.0678388
0.0626733
0.0697486
0.0573357
0.0854643
0.0681701
0.0818836
0.0157642
0.0590473
0.0665279
0.149219
0.0617516
0.086946
0.0601192
0.0651694
0.0596081
0.0709339
0.0660024
0.0643154
0.0601504
0.083543
0.0573702
0.0961825
0.0572598
0.014824
0.0675744
0.0616485
0.0718252
0.0753768
0.0566678
0.0693804
0.0612232
0.0742408
0.0739083
0.0622073
0.0738126
0.102065
0.0620053
0.0689825
0.0582467
0.0777354
0.0553737
0.0736734
0.0798353
0.0675727
0.0833517
0.0833977
0.0927672
0.0736968
0.0922146
0.0848571
0.0791571
0.0757098
0.0150293
0.0554723
0.0835097
0.0658878
0.0622537
0.0639193
0.0551455
0.0580895
0.0648943
0.0737818
0.06552
0.0599957
0.0747331
0.094037
0.0863663
0.0571083
0.0581576
0.0722981
0.065256
0.0924679
0.0673059
0.0547965
0.0632534
0.0803888
0.0614235
0.0804471
0.0153101
