0.0680403
0.0608307
0.0774435
0.0782921
0.056825
0.0560914
0.0814845
0.0744371
0.0588416
0.0572315
0.0642313
0.0853387
0.0573563
0.0609847
0.0624778
0.0681881
0.0618366
0.0545707
0.0687888
0.0594771
0.056357
0.0563053
0.0665673
0.0635063
0.0761343
0.0612068
0.0559583
0.0721881
0.0628925
0.0586946
0.0701177
0.0607277
0.0635485
0.0656144
0.0842668
0.0638835
0.0578272
0.0631955
0.0708986
0.0621736
0.0606131
0.0555798
0.0620533
0.0570947
0.0565881
0.058803
0.0546705
0.0603606
0.060141
0.075424
0.056382
0.0606254
0.0546471
0.0924646
0.059175
0.0786411
0.0592903
0.0596598
0.0576506
0.0573805
