0.0601722
0.0698569
0.0642965
0.0571218
0.0574149
0.0592837
0.0606689
0.05646
0.0525516
0.057199
0.0663041
0.0556307
0.0655807
0.0569978
0.0766843
0.0543334
0.0526312
0.0546224
0.0629836
0.0523118
0.053977
0.0577343
0.0746464
0.0677328
0.0588354
0.0527133
0.0674084
0.0576169
0.0637595
0.0613907
0.0543974
0.0622824
0.0527396
0.0548646
0.0577918
0.0643203
0.0570955
0.0527133
0.058998
0.0583198
0.0685391
0.0611361
0.0522724
0.0527421
0.0547891
0.0570126
0.0557629
0.0580332
0.0550723
0.0588683
0.0641167
0.07921
0.0626297
0.0567712
0.0551446
0.0525483
0.0593905
0.0572671
0.0712405
0.0609415
0.0531477
0.056327
0.063647
0.0618045
0.0537036
0.0547447
0.054165
0.0569017
0.0749206
0.0573213
0.060072
0.0687091
0.0530278
0.0593346
0.05316
0.0533086
0.0577902
0.0567006
0.057231
0.0540854
0.0582122
0.0552267
0.0519612
0.0520819
0.0545731
0.0536929
0.0521451
0.0542209
0.0611271
0.0538957
0.0520113
0.0574396
0.0753361
0.0581178
0.0582385
0.052224
0.0768822
0.0811815
0.0576071
0.0574634
0.0603175
0.05976
0.0599792
0.0665619
0.0512477
0.0667631
0.0534039
0.0576966
0.0687025
0.0575988
0.051912
0.0558392
0.0537611
0.0767812
0.0600802
0.0565372
0.0692288
0.0579511
0.0574125
0.0539318
0.0565618
0.0529761
0.0542127
0.0638318
0.0569526
0.0603536
0.056997
0.0548556
0.0587903
0.0621608
0.0559049
0.0694653
0.0588239
0.0587968
0.0640855
0.0589019
0.0587369
0.0539089
0.0639426
0.0542094
0.0557194
0.0591556
0.0539384
0.0616082
0.069113
0.0509849
0.0577237
0.089298
0.0697551
0.0155449
