0.197939
0.0470946
0.0419209
0.0285921
0.0335671
0.0316581
0.0376085
0.0335728
0.0528078
0.0535936
0.0308148
0.0643786
0.0537914
0.0348406
0.0480463
0.0524268
0.0493682
0.0470437
0.0610236
0.0542414
0.071215
0.0538875
0.0362685
0.0435286
0.0862731
0.0736093
0.0783569
0.0552702
0.0336911
0.0507649
0.0346181
0.0681088
0.0267972
0.0618537
0.0604948
0.0587426
0.0551208
0.031929
0.0504972
0.0389789
0.0358719
0.0402303
0.033751
0.0466972
0.112425
0.0379575
0.0246993
0.0282226
0.0527101
0.044743
0.0310693
0.0441608
0.0570725
0.0621715
0.0502952
0.0776754
0.0727472
0.0490504
0.0691245
0.0572367
0.0255524
0.0456618
0.0213895
0.0564271
0.0338808
0.0611952
0.0406441
0.0450928
0.0279081
0.0457833
0.0443957
0.0442142
0.0598577
0.060297
0.0538612
0.0480298
0.0637332
0.0336911
0.0578682
0.0452841
0.0447611
0.0467555
0.0445821
0.0318954
0.0275953
0.036835
0.0461118
0.0396251
0.0486662
0.0492631
0.0583378
0.0557136
0.0379526
0.0530525
0.0567958
0.0511754
0.0494372
0.0461479
0.029079
0.0309798
0.0712561
0.0428857
0.0413691
0.0562933
0.0371191
0.0275994
0.029616
0.0418881
0.0272225
0.0297112
0.0155819
0.0089885
0.00869209
0.0087783
0.014379
0.0125865
0.00983587
0.00861737
0.0142747
0.0120602
0.0154439
0.0270591
0.0305808
0.0643441
0.0565019
0.0536108
0.0817406
0.0516829
0.0305085
0.0438439
0.0727833
0.0587804
0.0514587
0.0387104
0.0401014
0.0242575
0.0297441
0.0583148
0.0314585
0.0428734
0.0559386
0.0263924
0.0505038
0.0574568
0.0401326
0.0576916
0.0478533
0.0381004
0.0272381
0.0603273
0.0634229
0.0524933
0.0438037
0.0680653
0.0346969
0.0356141
0.0411975
0.0601286
0.0582204
0.0502599
0.0397351
0.0361297
0.0521649
0.0497648
0.0195379
0.0407549
0.0269015
0.0362159
0.0704177
0.0460699
0.0331163
0.0404306
0.0317459
0.0552587
0.0525294
0.0545739
0.0437831
0.0478697
0.0452077
0.0548695
0.0464156
0.0382826
0.0531461
0.0415391
0.0384395
0.0592575
0.0458441
0.0346813
0.0233404
0.0292465
0.0649911
0.0622824
0.0461914
0.0592402
0.0391826
0.0480561
0.0296579
0.0431361
0.0703718
0.0405497
0.0381743
0.0631675
0.0369968
0.0435204
0.0260213
0.718929
0.0682492
0.0602485
0.0588354
0.0646258
0.0652383
0.0552538
0.058782
0.0571292
0.0595481
0.079077
0.0667023
0.0533095
0.0541552
0.0644895
0.0554607
0.055395
0.051655
0.0552768
0.0542463
0.0567203
0.0557916
0.0716642
0.10751
0.0583083
0.0912678
0.0519423
0.0753345
0.0661858
0.0607453
0.0519259
0.0545107
0.0543038
0.0679619
0.127983
0.0142353
0.0171099
0.0159793
0.0145095
0.0154431
0.0226375
0.0155622
0.0133707
0.0532741
0.0578698
0.0522404
0.0589758
0.0515597
0.0689406
0.0858075
0.058805
0.059934
0.0650815
0.0660364
0.0604669
0.0509365
0.0621001
0.06188
0.0508339
0.0607806
0.0667639
0.0540066
0.0652539
0.100004
0.0599669
0.0619145
0.058938
0.0544565
0.0868946
0.101403
0.0523135
0.0517765
0.0616871
0.0546487
0.0571103
0.0530508
0.0550247
0.052646
0.0635107
0.0538982
0.0520474
0.0517748
0.0673608
0.070348
0.0524292
0.0938476
0.0783692
0.0574272
0.0706879
0.0558984
0.0640879
0.0528258
0.0621945
0.054872
0.0607995
0.0555067
0.0630895
0.0527511
0.0527651
0.063101
0.0714351
0.0698578
0.0532397
0.0562867
0.0514275
0.0544885
0.0509332
0.0647456
0.0617601
0.0539672
0.0615023
0.0561808
0.0601336
0.0569141
0.0539795
0.0810484
0.0725649
0.0542644
0.0516837
0.0559189
0.051159
0.0533571
0.0633563
0.054684
0.0717693
0.0545312
0.0561808
0.0583731
0.0559714
0.0554771
0.0810476
0.0578977
0.057167
0.0530828
0.063087
0.0635707
0.0621543
0.063041
0.0603848
0.0551659
0.0573295
0.0598725
0.064276
0.0512428
0.0537873
0.0630066
0.0503609
0.0821988
0.0577516
0.0595054
0.0648146
0.0581186
0.0530656
0.0644336
0.0550058
0.0607379
0.0526805
0.0566373
0.0545715
0.0573657
0.0754445
0.0548433
0.0787674
0.0627241
0.0634401
0.058906
0.0692822
0.0657843
0.0645346
0.0605794
0.056905
0.0534843
0.0680308
0.0660068
0.051586
0.0634713
0.0724146
0.0680161
0.0693906
0.058672
0.0571177
0.0582401
0.0704498
0.0701534
0.0530098
0.0579109
0.0623809
0.0584955
0.0777657
0.0987397
0.0599808
0.05568
0.0694398
0.0707552
0.0668895
0.0517995
0.0792856
0.0636191
0.0616895
0.0587894
0.0574921
0.0629811
0.0574281
0.0612544
0.0899737
0.0609867
0.0601237
0.0555921
0.0594726
0.0571579
0.0615853
0.0563237
0.0630172
0.0654
0.0722266
0.0602518
0.0766769
0.0709416
0.0668033
0.0734854
0.0596458
0.0555436
0.0591589
0.0600728
0.060609
0.0698069
0.0650847
0.0704719
0.0577113
0.0577187
0.0906125
0.076548
