0.103455
0.0599103
0.0620151
0.0687025
0.0538223
0.0602518
0.0625189
0.054363
0.0560413
0.0916521
0.064476
0.0657552
0.0583715
0.065357
0.0583514
0.0601311
0.0872145
0.0544693
0.0554509
0.0631647
0.0630945
0.0706272
0.0569182
0.0553331
0.0533727
0.0994632
0.0611731
0.0640203
0.053704
0.0650877
0.0594291
0.062523
0.0891662
0.0548343
0.0653484
0.0520709
0.0562732
0.0814299
0.0781632
0.0589118
0.0623612
0.0542332
0.0547456
0.0639923
0.0760214
0.071849
0.0593265
0.0611633
0.0719393
0.0730761
0.0774735
0.0619384
0.0562273
0.0641102
0.0535977
0.0825059
0.0586614
0.0570943
0.0596044
0.0520171
0.059705
0.0590756
0.062587
0.0524987
0.0681114
0.0605413
0.0587751
0.0715004
0.0520274
0.0594443
0.055602
0.0594866
0.0605302
0.0561024
0.0569519
0.0561919
0.076948
0.060281
0.0522248
0.0594242
0.0640215
0.053509
0.0668805
0.0628149
0.0621535
0.0618554
0.0693758
0.0598191
0.0588851
0.059893
0.0558081
0.0672894
0.065052
0.060692
0.0598717
0.0565775
0.0595777
0.0568587
0.0539434
0.0618924
