0.110403
0.0711346
0.0817579
0.0893973
0.0755192
0.0891871
0.0531543
0.0913794
0.0899359
0.0771482
0.0826118
0.0577393
0.0724483
0.0602584
0.0818383
0.0724582
0.0547669
0.0812931
0.0738704
0.0636823
0.0709129
0.0654
0.0683658
0.0799695
0.0872099
0.0743549
0.0632554
0.0709999
0.0574617
0.0808908
0.089169
0.0782584
0.0617626
0.051136
0.0540903
0.0591253
0.0675316
0.0567178
0.0567786
0.0538768
0.0674199
0.0733663
0.0957115
0.063996
0.0531674
0.0523775
0.0530015
0.0540181
0.0548572
0.0639566
0.0887651
0.0514103
0.0512756
0.0532955
0.0511853
0.0631486
0.0533119
0.0690342
0.056859
0.055005
0.0615491
0.0702346
0.0671375
0.0536978
0.0754437
0.0538834
0.0541839
0.0599825
0.0604374
0.0526797
0.059636
0.062229
0.0547078
0.0565569
0.068067
0.0607133
0.0531362
0.0520442
0.0731889
0.0972207
0.0841981
0.0652046
0.0606722
0.0736947
0.0569329
0.0744501
0.0871689
0.0739263
0.0756933
0.0668353
0.0587328
0.0624917
0.0607757
0.0542414
0.0955227
0.077296
0.142924
0.0852689
0.0535303
0.0974884
