0.0702873
0.0769956
0.064033
0.0648631
0.064533
0.0744145
0.155825
0.0632661
0.0719943
0.0569088
0.0723359
0.055354
0.0603849
0.0610426
0.0775055
0.0616978
0.0824961
0.0821245
0.0629073
0.06032
0.0740963
0.0567856
0.0726003
0.0566986
0.0588219
0.0583288
0.080973
0.0158726
0.0748878
0.0758042
0.144803
0.055485
0.0828295
0.0571108
0.0858367
0.0560183
0.0602354
0.0554747
0.0668157
0.0644398
0.089851
0.0650105
0.12861
0.0615726
0.0146479
0.0692695
0.0602235
0.06862
0.0616937
0.0611316
0.0709495
0.0635966
0.0809795
0.056717
0.0606263
0.0648303
0.082483
0.0721942
0.0915482
0.0591877
0.0582636
0.0537517
0.0689928
0.0730593
0.0710422
0.0645967
0.0788459
0.122198
0.0818458
0.0949574
0.0872962
0.0817826
0.0573054
0.0147821
0.07164
0.0916193
0.0783845
0.0629089
0.0573517
0.0686656
0.062071
0.0783147
0.0681052
0.0725547
0.0591499
0.0729837
0.0639221
0.0601636
0.0647666
0.058002
0.0597165
0.064026
0.130384
0.0598984
0.0589853
0.0766364
0.0645207
0.0631556
0.0717623
0.0149702
