0.0554646
0.0531489
0.0508694
0.0506659
0.0507343
0.0490172
0.0532895
0.0489509
0.0544151
0.0524834
0.0479071
0.0586
0.070405
0.0739903
0.0666064
0.0659434
0.0498596
0.0605439
0.0619381
0.048294
0.0599771
0.0510363
0.049687
0.0534651
0.0772523
0.0519427
0.0457018
0.0543178
0.0453787
0.0541416
0.053719
0.083858
0.0644303
0.0452356
0.0719996
0.0510346
0.082184
0.0588931
0.0596932
0.0585156
0.0609259
0.0562627
0.059029
0.0620962
0.0629355
0.064121
0.0534644
0.0594884
0.0700347
0.0586661
0.0598749
0.0594289
0.0631927
0.145579
0.0529708
0.106174
0.0600956
0.0484991
0.051834
0.0545339
0.061062
0.0591953
0.052683
0.0660682
0.0559099
0.0469716
0.0483486
0.0555034
0.0516406
0.0406094
0.045841
0.0463357
0.0542535
0.047072
0.0512112
0.0530206
0.0486754
0.0480309
0.0528911
0.0521614
0.0484991
0.0520119
0.0519715
0.049166
0.0524627
0.0510315
0.0444339
0.0490628
0.0540349
0.0504623
0.0467218
0.0412258
0.0555656
0.061224
0.0495862
0.0488218
0.0420428
0.0519625
0.0850693
0.0775411
0.0513068
0.051711
0.053153
0.0534031
0.0537227
0.0433931
0.053292
0.0660614
0.0493924
0.0461077
0.0528267
0.0551723
0.0528168
0.0426398
0.0569713
0.0499142
0.0596766
0.0576227
0.0532329
0.0529131
0.0514448
0.061289
0.0667251
0.0387379
0.0550335
0.0567851
0.0542215
0.0419962
0.0563867
0.0501505
0.0505613
0.043956
0.0470675
0.0436195
