0.0601951
0.0715262
0.0541117
0.0624055
0.0619285
0.0608282
0.0544089
0.0559246
0.0548942
0.0796
0.054757
0.0607502
0.0589167
0.0561554
0.0588633
0.056446
0.0528521
0.0591811
0.0570175
0.0526862
0.0573952
0.0524054
0.0598035
0.0581654
0.0583994
0.0842704
0.0586425
0.0538949
0.0593732
0.0543161
0.0531485
0.0718949
0.0598766
0.0680284
0.0524079
0.063491
0.0581991
0.0529416
0.0552661
0.0534778
0.0586737
0.0851145
0.0528915
0.0545107
0.0563426
0.0546758
0.0524284
0.0526674
0.0705885
0.0530656
0.0627299
0.0843936
0.0146056
0.014705
0.013319
0.0138872
0.0134692
0.0133617
0.0134306
0.0153947
0.0152838
0.0137377
0.0131917
0.0134085
0.013741
0.0146147
0.0154464
0.0180148
0.0180058
0.0133444
0.0151919
0.0151459
0.0159941
0.0138223
0.0166543
0.0137
0.0140809
0.0139841
0.0155786
0.0152239
0.0136384
0.0146886
0.0135571
0.0175952
0.0138469
0.0137468
0.015407
0.0135439
0.0134684
0.0458581
0.0136449
0.0134561
0.0134906
0.0134783
0.0137435
0.0141532
0.0158504
0.0137197
0.0130866
0.0134889
0.0155967
0.0138133
0.0153717
0.0132089
0.0134085
0.0152099
0.0133198
0.0144775
0.017454
0.0133346
0.0136408
0.0139299
0.0156418
0.0257635
0.0133083
0.01342
0.0152157
0.0158545
0.0135341
0.0167249
0.0402402
0.0153758
0.0159703
0.0137082
0.0169646
0.0138658
0.01582
0.0160664
0.0134076
0.0136031
0.0138248
0.0134126
0.0140933
0.0143659
0.0160466
0.0136655
0.0140013
0.0136827
0.0135242
0.043224
0.0155359
0.015398
0.0132278
0.0193162
0.0135653
0.0138584
0.0151155
0.0144389
0.0136983
0.0133633
0.0176814
0.0135456
0.0131868
0.0135998
0.0148758
0.0133444
0.0154185
0.0176018
0.0155499
0.0151229
0.0137911
0.01532
0.0134627
0.0142953
0.0132204
0.0138067
0.0192062
0.0138592
0.0135448
0.0153733
0.0137648
0.0154596
