0.067636
0.0815306
0.0943388
0.0880632
0.0501984
0.0778734
0.0549238
0.102074
0.0521543
0.135531
0.0778685
0.113226
0.04819
0.102932
0.0943725
0.0612536
0.082979
0.0689185
0.079743
0.0718384
0.0961411
0.1039
0.0720617
0.0969688
0.0891667
0.0806093
0.0530427
0.063634
0.112769
0.0719779
0.0726545
0.0846212
0.0646595
0.0545847
0.0752196
0.114209
0.0822482
0.0704893
0.0489635
0.0935391
0.0934471
0.0898302
0.062473
0.0824436
0.0713769
0.10759
0.0910791
0.0977463
0.0784186
0.113329
0.0954169
0.099533
0.0576597
0.0901947
0.076682
0.0926186
0.0861886
0.109311
0.0754175
0.0707611
0.0571252
0.0781222
0.105452
0.0706469
0.058604
0.0736168
0.0868841
0.0614507
0.0663871
0.0898047
0.0590071
0.0448605
0.0626364
0.0677657
0.0256526
0.0187448
0.015476
0.0221975
0.0207934
0.0243356
0.0359795
0.104597
0.105251
0.0672484
0.11003
0.0762378
0.0527266
0.0789425
0.0876132
0.0607971
0.0723244
0.119358
0.0993516
0.0563172
0.0696255
0.0627924
0.103813
0.112249
0.0804919
0.0646275
