0.0576871
0.0549845
0.0477652
0.0634144
0.0557929
0.0577943
0.0499672
0.0535677
0.0449179
0.0646549
0.0566152
0.0585971
0.0774315
0.0613978
0.0519937
0.0653229
0.0552236
0.0612753
0.0488489
0.0518881
0.0522831
0.0458605
0.0535814
0.052178
0.0792377
0.052107
0.046364
0.0471332
0.0525709
0.0489051
0.0519089
0.109453
0.0572049
0.0777364
0.0731795
0.0545709
0.0972305
0.0642066
0.0523342
0.0821705
0.0741233
0.089952
0.0598427
0.0556368
0.0550984
0.0591548
0.0410965
0.0591803
0.0623177
0.0508433
0.0409978
0.051736
0.0650394
0.11992
0.0401779
0.147805
0.068553
0.0560406
0.0544943
0.0684453
0.0916288
0.0596481
0.0571236
0.0574603
0.0554303
0.0461432
0.046689
0.0468567
0.0470778
0.0457821
0.0506559
0.046208
0.0463899
0.05228
0.0371434
0.0506362
0.0528591
0.0443045
0.0517188
0.0498574
0.0514107
0.052769
0.0525902
0.0488056
0.0485666
0.0456776
0.0518647
0.0489248
0.050535
0.0476634
0.0476495
0.0525828
0.044153
0.0520985
0.0456222
0.0639237
0.0541336
0.049773
0.0603832
0.0703829
0.0470474
0.0527634
0.0490287
0.0573944
0.0553844
0.0493434
0.0394773
0.0551101
0.0511633
0.0491995
0.053891
0.0566068
0.0409721
0.0731485
0.0547316
0.0528303
0.0655158
0.0586078
0.0576374
0.0451749
0.0521484
0.0413662
0.0754617
0.0498605
0.0607375
0.0562687
0.0675969
0.0399523
0.0526672
0.0491104
0.0470905
0.0517124
0.0514556
0.0467426
