0.0164991
0.0129766
0.0166674
0.00899345
0.00842114
0.0109132
0.00920282
0.0151443
0.00844249
0.0113533
0.00956164
0.00955507
0.0115594
0.0108425
0.0129897
0.0223469
0.0096224
0.0113426
0.0115076
0.0217319
0.0114288
0.0102793
0.00911989
0.00793177
0.0139093
0.0079835
0.0153561
0.0128247
0.0132894
0.0109838
0.00930628
0.0158291
0.0102563
0.0104599
0.00839076
0.0106709
0.0118566
0.0152855
0.0318445
0.0213074
0.0073061
0.00917244
0.0137837
0.00885879
0.0097858
0.0132681
0.00587986
0.00983999
0.00837106
0.0073529
0.010106
0.00944012
0.00795312
0.0238142
0.0119724
0.0178555
0.0122064
0.0102046
0.00759348
0.00775524
0.00979648
0.00740955
0.0140235
0.0147813
0.0146278
0.0128953
0.00801552
0.0289896
0.0107818
0.0130932
0.0103852
0.0100001
0.0081937
0.0134216
0.0091979
0.0106241
0.0125291
0.00622882
0.00613111
0.0128969
0.0107095
0.0106381
0.00890723
0.010455
0.0097973
0.00544714
0.00825774
0.00918804
0.010028
0.0143035
0.0088982
0.00898606
0.01616
0.0118336
0.00864694
0.0094549
0.00939907
0.0078004
0.00592994
0.0114214
