0.0887503
0.0707445
0.0551397
0.0700721
0.0637973
0.0571784
0.0616797
0.0728892
0.0602814
0.0741833
0.0664215
0.0704473
0.0780112
0.0842885
0.0885311
0.0685974
0.0801625
0.0604932
0.123034
0.0577893
0.0669322
0.0660586
0.0782304
0.162812
0.107352
0.0682016
0.0658549
0.132061
0.0642448
0.0547102
0.0625821
0.062587
0.0551799
0.0878627
0.0549697
0.0863864
0.0591753
0.0752031
0.0890048
0.175282
0.0642825
0.126018
0.0997792
0.0696993
0.0571037
0.0705549
0.073377
0.129101
0.0576974
0.0529753
0.0928402
0.0563212
0.076828
0.0561242
0.07306
0.0607477
0.0921603
0.0649534
0.0519399
0.0973603
0.0548868
0.0542997
0.0631872
0.0969013
0.0771228
0.0681392
0.0613841
0.0620442
0.0530648
0.0543818
0.0514324
0.0673969
0.0571957
0.066736
0.0692937
0.0562063
0.0570011
0.0715894
0.0629926
0.0570955
0.0543399
0.0500046
0.0559287
0.0596918
0.0642669
0.0558039
0.0518471
0.0694406
0.065116
0.0609185
0.0633293
0.0619252
0.0590095
0.0591277
0.0639894
0.0889679
0.0580767
0.0626116
0.0680284
0.0609267
