0.119755
0.0873283
0.0414185
0.0692757
0.0565816
0.0687108
0.0801281
0.0907465
0.0796256
0.0712119
0.0677969
0.0750915
0.081478
0.108592
0.101815
0.0918837
0.079119
0.114856
0.112305
0.0646866
0.10899
0.117692
0.0680194
0.0812867
0.0922721
0.106554
0.124459
0.116461
0.10042
0.0856697
0.109813
0.0429925
0.0827835
0.0779194
0.0803129
0.0330244
0.0898146
0.0704121
0.06396
0.0714262
0.0731997
0.0684743
0.07352
0.0584184
0.0845021
0.0363047
0.0986446
0.110017
0.0814624
0.074722
0.101208
0.053863
0.0963193
0.10393
0.0373918
0.0916374
0.119941
0.0877249
0.0536856
0.0670538
0.0627382
0.091148
0.106034
0.084048
0.116679
0.0914625
0.0841392
0.0951443
0.0631397
0.0922565
0.0772756
0.0896216
0.0675572
0.0775688
0.0185346
0.0307097
0.0182061
0.0268079
0.0203566
0.0268104
0.0185879
0.0788209
0.0702775
0.0840242
0.109461
0.0715871
0.0873915
0.089069
0.0639041
0.0709655
0.0539172
0.057828
0.106958
0.0993311
0.0812514
0.0861435
0.0427848
0.112398
0.0955483
0.0926153
