16325
16750
18550
16575
18025
15950
15850
16450
15350
14750
15150
17900
15450
16475
17875
15550
18950
16275
15200
17225
14825
16725
15700
16675
18000
17450
17375
18150
15550
17100
13775
13875
16850
17625
17225
15275
17175
19300
15250
15150
17550
16975
16975
15725
15400
17050
17550
15575
17825
18175
17300
17025
16850
16550
16700
16350
19425
18150
16200
15350
16700
16675
15100
17625
16200
18850
15750
15750
15250
14925
14575
17300
16300
14275
16075
17125
16025
16875
17550
14900
18950
14975
16425
14875
14725
18275
16600
16425
15775
17100
15225
15400
15200
15375
15500
17225
16600
15975
16425
18000
