12975
14000
14300
14650
14150
13375
13350
13750
13225
12875
13775
15425
15950
12425
13800
14050
13950
16050
15400
14075
14200
12600
14500
14750
13125
14125
12275
14200
12925
12950
15175
13175
13450
14900
13250
13050
12275
12475
13775
13650
13350
15375
13425
13150
10200
15300
13025
13900
15200
13375
12050
14350
13875
14150
12500
12300
13125
12125
15325
13725
11625
12725
14350
14475
12750
13650
13425
14400
12450
14475
13175
14750
14850
13625
12100
12050
15425
15200
10925
13600
13075
14375
13275
12275
12675
11675
13050
14700
13225
14800
12800
13600
10600
13300
13150
13075
13950
13625
13225
14200
