10630
10815
10835
10655
10990
10425
10710
10640
11085
11090
10775
10290
10940
10555
10495
10905
10955
10970
10955
10750
10435
11160
10835
10810
10720
10810
10620
10585
10565
10975
10665
10520
10460
10880
10620
10795
10620
10265
10605
10945
10520
10805
10620
11045
10610
10525
10830
10790
10170
10735
10820
11210
10945
10530
10905
11050
10545
10635
10825
11040
10655
10750
10970
10875
10525
10170
10865
10560
10380
10550
10675
10995
10315
10350
10175
10660
10805
10155
10815
10755
10100
10865
11140
10485
10580
10935
10630
10710
10775
10695
10925
10445
11145
10435
10750
10935
10750
10445
10525
10575
