10517
10412
10157
10530
10327
10302
10407
10352
10425
10507
10395
10310
10245
10180
10165
10432
10337
10400
10250
10387
10632
10530
10565
10465
10387
10320
10232
10310
10300
10317
10495
10282
10340
10390
10335
10172
10325
10260
10410
10305
10505
10327
10072
10352
10407
10402
10400
10437
10302
10307
10542
10135
10327
10372
10237
10400
10467
10300
10297
10327
10375
10340
10627
10532
10185
10197
10240
10290
10360
10132
10402
10277
10345
10225
10242
10435
10095
10362
10107
10497
10560
10492
10397
10237
10372
10665
10062
10412
10247
10385
10425
10427
10330
10305
10057
10380
10200
10397
10300
10130
