57.5
60.3
59.6
62.25
62.45
59.8
59.4
61.85
57.7
62.475
62.55
61.15
63.95
61.95
60.9
60.9
61.35
61
60.25
62.7
61.7
59.4
58
60.95
60.8
59
56.65
63.8
59.15
62.6
61.05
60.4
59.3
60.95
58.15
63.15
58.85
58.5
55.8
58.65
61.85
58
58.75
59.5
58.9
62.375
61.2
60.45
55.15
58.25
57.5
62.5
62.8
60.6
61.65
60
60.4
57.2
58.475
56.65
61.9
59.2
60.4
59.35
60.7
60.5
60.5
60.9
58.6
63.1
60.9
59.75
59.15
58.45
59.85
59.7
61.95
59.4
58.9
62.2
59.05
63.35
60.7
61
57.3
56.65
61.15
58.8
59.45
63
57.4
62.6
59.425
61.675
60.95
60.6
60.05
59.1
60.55
57.45
62.05
62.7
63.45
59.65
59
59.15
61.125
62.05
60.45
57.875
62.55
57.55
61.4
61
58.8
63.05
58.95
60.15
62.5
63.2
66.1
61.05
62.85
61.45
61.5
56.6
57.05
58.4
59.9
58.3
58.45
59.9
62.2
62.15
58
63.3
62.55
59.8
59.85
59.2
58.8
61.2
62.6
58.7
62.75
59.25
57.7
63.5
61.25
60.85
60.2
59.25
59.625
61.85
60.2
62.8875
62
56.45
61.7
61.3
60.55
62.2
61.65
60.75
63.9
59.65
60.8
61.325
59.475
62.2
58.85
60.35
64.3
58.9
60.9
58.35
61.8
60.8
59.125
55.3
62.95
62.1
59.55
59.675
61.95
57.55
59.85
61.7
64.6
55.8
61.45
60.4
60.75
59.45
61.55
62.6
59.75
57.1
60.4
55.7
59.3
