61.55
61.5562
59.625
60.225
59.0625
62.4125
60.8
58.7625
59.9
60.975
61.0875
60.2625
59.875
62.65
60.5
58.85
61.4
59.1313
61.575
60.75
60.975
58.325
61.175
58.1375
59
59.8
59.7875
63.075
59.8125
60
61.025
58.95
57.8
58.175
60.95
60.825
61.175
60.025
61.575
59.475
61.2
59.1875
60.6
61.55
58.775
59.65
59.35
61.25
61.1
60.55
58.5
59.45
60.95
59.1375
63.35
59.575
59.05
59.95
59.175
60.9
61.6
58.9
59.375
59.975
61.425
60.3
61.3125
61.1
59.4
60.4
58.725
58.225
60.275
58.05
61.475
59.425
59.05
58.4
60.675
60.35
59.625
60.95
60.125
57.425
59.325
57.975
59.65
59.75
62.6625
59.325
58.25
60.0625
60.3
57.45
60.35
59.225
60.55
58.375
61.05
58.825
