58.55
58.125
59.7
58.85
60.2
58.3
58.75
58.6
62.1
60.15
58.85
58.4
61.25
57.2
60.675
62.5
62.7
61.525
63.95
58.55
60.25
56.975
58.6
59.25
61.1
60.375
61.35
59.45
61
60.05
58.95
64.35
56.85
58
59.2
60.3
57.2
58.0125
54.85
57.45
59.2
59.05
60.55
58.5
62.3
61.2
63.25
62.6
61.425
62.5
58.3
62.1
58.675
61.7
56.7
63.6
57.3
61.9
60.05
59.7
58.55
59.4
57.15
61.85
59.9
60.725
59.85
60.525
57.25
59.15
63.3
55.6
61.55
62.95
60
61.8
60.6
58
60.55
60.7625
59.5
59.7
61.15
58.6
60.525
57.25
58.675
60.8
58.375
62.85
61.2
59.3
56.85
64.3
59.05
59.25
58.85
58.05
57.9
57.9
