60.75
59.5
60.5
59.675
60.7
58.8
59.1
61.95
59.675
62.2
61.25
59
63.1
65.6
59.65
54.8
58.6
61.8
60.1
59.7
62.2
62.7
62
59.85
58
57.45
62.85
61.05
59.9
59.2
62.5
60.85
60.7
61.2
61.35
59.5
55.85
61.25
63
64.25
58.5
60.15
60.2
61.2
61.2
58.5
59.05
60.15
56.6
58.1
60.25
61.2
59.575
61.1
58.4
56.4
60.05
62.175
60.05
60.55
64
61.1
60.7
63.05
60.25
62.1
58.75
63.55
60.2
56.85
59.9
56.6
60.05
61.55
64.3
61.1
63.05
59.3
58.05
60.8
60
57.15
58.85
63.65
59.7
58.775
63.05
59.75
64.6
59.55
58.95
59.675
57.55
60.65
59
59.65
63.65
63.25
62.1
64.25
58.975
60.15
56.575
56.1
61
62.65
59.8
57.85
60
64.925
59.85
58.7
62.85
60.2
60.9
56.8
58.55
61.6
60.9
57.65
62.5
61.45
61.325
60.7
61.3
61.25
60.8
59.4
64.05
63.05
60.6
58.95
61.8
60.3
57.9
62.5
59.8
64
59
59.35
57.575
57.9
58.1
62.1
58.55
56.95
59.875
61.25
60.6
60.2
62
57.5
64.15
58.2
61.25
57.55
57.3
62.35
59.8
60.15
59.25
62.2
58.4
58.9
59.2
56.65
59.6
62.4
61.1
60.1
59.85
62.85
