62.05
55.8
62
62.55
62.8
59.8
59
61.4
63.55
61.6
59.7
60.1
55.6
59.2
60.05
59.65
61.4
57.6
60.4
61.6
58.9
62.75
62.5
59.7
59.95
62
59
59.6
62.5
59.4
60.75
60.225
60.2
63.3
58.15
57.1
60.9
60.5
60.3
60.5
60.3
58.15
59.85
59.8
61.3
58.5
65.4
63.45
61.7
58.55
60.6
58.35
60.3
57.1
55.7
61.4
58.75
61.25
59.6
60.95
61.3
57.1
59.75
66.25
60.1
60.6
60.8
62.5
58.6
55.6
56.95
61.7
57.3
63.85
59
60.85
61.9
56.975
61.2
59.8
58.85
58.85
62.4
63.35
59.1
59.5
56.4
57.85
59.4
62.7
58.85
59.05
56.8
60.4
60.25
60.3
55.4
59.1
58.4
61.5
58.25
63.85
59.1
60.1
57.55
60
56.3
56.05
60.5
59.6
60.4
64.775
58.55
63.45
63
61.7
59.25
55.45
57.95
61.05
59.9
62.3
59.9
60.9
59.3
57.3
56.2
61.75
63.125
60.1
58.4
64.5
60.3
62.55
61.35
65.7
58.4
62.95
58.15
57.6
61.9
61.3
60.6
60.3
58.4
59
60.7
62.4
63
61.7
