60.2
58.2
58.85
60.375
59.375
58.35
60.5
58.8375
59.625
57.65
58.775
58.075
59.125
58.025
57.5625
59.2
59.175
56.35
60.125
61.625
57.65
60
64.05
63.5875
62.15
57.425
60.725
59.775
60.775
59.65
57.975
58.725
58.025
62.55
60.025
61.575
62
61.575
61.6
62.15
59.425
58.925
61.85
60.275
60.125
57.1
56.925
58.625
59.5375
60.975
59.675
61.6
60.925
63.9
58.525
60.175
59.85
61.7
59.175
59.275
57.9
60.2
59.4
58.9
60.15
57.4
61.4
61.4
58.75
58.75
59.65
61.825
59.05
60.9625
59.8125
60
57.475
62.65
59.275
60.625
60.4
60.025
60.875
59.825
59.875
60.75
60.375
61.575
62.6
62.375
63.2
57.45
61.175
62.025
58.975
62.975
63.2
61.95
60.3
60.65
