57.65
60.15
62.3
63.2
60.0125
64.15
60.35
57.5
56.55
60.7
60.5
62.7
63.45
59.85
59.2
58.65
56.75
58.5
60.975
58.15
59.4
58.05
60.5
57.65
60.75
60.6
62.65
58.75
57.85
56.8
57.45
61.05
58.05
57.2
60
61.4
62
59.75
59.3
61
59.4
61.2
55.3
60.1
60.45
60.45
58.75
57.5
61.7
61.275
61.1
59.3
58.9
59.55
62.05
61.1
58
58.3
59.3
57.6
58.9
58.95
60.2
62.8
63.1
61.25
59.6
60.15
59.9
57.7
57.3
63.25
59.45
58.7
58.5
60.6
61.225
58.6
63.75
62.025
58.75
61.2
65.6
59.85
65.15
62.6
60.45
59.7
63.9
59.25
62
61.5
62.4
56.625
62.6
55
57.2
61
61.1
57.4
63.25
60.8
60.3
58.6
61.8
61.6
61.5
60.15
56.4
62.45
57.8
62.9
59.8
56.6
60.6
62.35
57.05
59
61.55
56.75
62.4
58.85
58.75
60.95
60.5
58.4
58.4
62.35
59.8
57.05
61.55
62.25
61.3
62
61.95
58.25
60.8
64.175
60.1
58.8
60.75
59.2
60.15
60.35
57.2
58.65
59.35
61.65
58.05
61.1
