57.6
62.05
61.2
58.3
63.25
61.75
58.4
60.65
60.45
61.6
59.5
61.45
59.4
61.65
61.1
62.5
64.1
59.3
58.55
54.825
61.15
61.8
60.8
61.6
60.4
60.35
58.35
64
60.8
62.4
64.2
58.55
62.2
61.2
60
56.65
62.35
59.55
54.05
59.9
61.55
60.8
61.35
61.05
65.65
60.55
58.1
54.8
60.5
59.2
62.8
57.25
58.4
61.8
58.5
59.9
59.5
59.75
60.5
58.05
61.9
55.5
61.3
59.4
60.3
61.9
59
61.825
58.15
60.55
60.8
60.2
56.3
60.5
59.4
58.25
59
60
58.75
61.8
60.7
59
59.05
58.6
59.05
61.7
58.3
58.125
61.7
59.1
61.1
63.275
60.75
56.85
61.45
63.55
60.5
63.45
60.45
64.25
60.4
61.825
60.8
61.7
58.85
60.15
60.45
60.4
56.1
61.45
60.8
57.4
60.8
58.65
61.175
59.35
58.3
60.275
59.5375
59.55
56.85
60.45
62.3
63.35
56.2
58.3
59.2
63.2
59.75
62.5
59
57.9
56.15
64.15
56.75
61.9
61.7
59.45
62.5
59.75
54.525
60.95
62.2
61.25
63.2
61.6
57
62.55
61.85
61.25
60.5
60.95
60.6
60
60.2
59.75
57.4
64.4
59.6
58.35
59.7
64.65
61.375
62.65
59.75
59.6
63.5
59.4
60.8
60.6
58.25
62.1
59.4
60.575
64.4
64.65
59.75
59.2
61.8
60.15
59.5
62.05
59.35
61.4
58.4
60.35
53.2
61.3
61.15
58.7
59.55
59.7
58.55
60.4
57.75
61.45
60.875
59.75
58.2
58.45
60.8
55.35
53.65
58.9
58.75
59.85
57.75
61.25
62.1
61.3
62.1
61
61.05
60.825
65.05
56
59.95
61.6
59.8
61.7
59.6
62.4
63.2
59.75
56.7
62.6
58.5
58
63.3
63.1
56.75
60.5
62.85
59.4
61.45
58.55
59.575
58.75
62.4
61.25
56.35
59.25
58.25
62.05
59.15
58.4
60.2
62.3
60.85
61.3
62.4
64.05
60.225
60.45
59.85
62
63.6
59.45
63.25
59.4
64.35
63.55
59.55
61.45
60.45
57.4
61.7
63.35
61.3
59.75
60.5
60.6
63.9
63.6
59.05
58.35
59.15
60
63.9
60.4
59.75
61.95
64.8
55.95
61.9
58.6
63.2
57.4
52.75
55.8
56.85
60
62.25
59.55
62.6
62.3
61.4
62
60.9
58.9
60.9
59.85
63.6
61.85
58.2
61.85
60.45
58.6
59
61.55
58.9
57
60.975
60.65
60.65
64.15
57
58.6
61.85
58.9
64.5
60.8
60.55
60.3
59.25
61.5
63.75
62.2
63.6
65.5
61.3
61.125
58.4
65.1
65.25
58.65
62.65
61.6
59.45
62
59.25
55.55
61.9
60.9
57.85
61.75
60.9
61.45
59.25
63.9
55.85
57.8
61.35
55.9
63.9
65
54.4
65.7
58.425
60.3
61.1
61.75
62.65
59.55
57.9
60.325
60.35
55.85
61.35
58
61.75
61
62.3
59.9
62.6
62.9
62.5
59.9
58.2
59.55
58.7
56.65
62.4
58
61.55
62.15
60.95
63.825
58.1
58.75
61.875
62.55
60.05
62.7
63.85
59.9
62.1
56.5
63.35
58.85
59.65
58.65
63.4
57.85
56.4
63.55
63.3
60.3
54.9
58.7
58.15
60.6
61.8
62.25
61.65
60.1
62
62.1
58.7
58.4
57.7
57.95
56.6
61.3
61.55
59.55
58.55
63.65
60.3
59.85
61.4
61.25
63.85
58.15
61.4
57.4
61.85
