60.7
63
58.1
58.1
58.6
59.5
62.1
58.45
61.025
58.4
63.55
60.6
60.25
60.9
62.65
62.05
59.4
56.6
59.55
59.9
57.8
60.1
62.55
61.2
61.35
61
61.5
59.2
60.4
61.35
59.9
58.45
59.05
59.35
61
58.6
61.3
57
60.15
61.8
56.6
60.7
61.5
62.25
60.3
60.3
63.7
62.9
61.4
61.3
59.45
56.25
61.9
59.25
57.05
55.35
60.2
60.95
61.6
59.25
59.775
59.75
60.3
61.1
61.75
59.2
57.75
58.85
57.75
60.9
58.3
60.5
62.75
61.95
58.15
58.25
64.65
57.95
61.8
59.775
58.8
59.2
58.65
61.05
61.45
60.75
63.25
56.85
60.45
58.725
60.8
60.95
57.15
60.45
60.05
64.15
59.2
61.95
60.3
59.8
