59.925
60.675
61.85
59.925
62.7875
63.175
59.7375
62.75
61.6625
62.8875
58.8875
61.45
59.125
60.025
62.525
61.75
59.1
60.9
60.625
59.525
61.3
59.625
56.95
57.825
60.225
59.475
63.975
60.525
62.125
56.55
59.95
56.275
60.775
62.25
60.575
59.8
59.175
59.2
55.6125
61.875
60.35
61.95
62.075
61.825
60.025
60.05
60.25
62.6
59.0375
60.925
60.225
55.75
59.8
60.35
61.8
59.9
59.775
61.425
58.4
58.925
60.45
59.875
61.375
60.55
61.75
60.3
59.85
57.175
61.075
60.775
59.375
62.5
61.0625
60.175
61.675
60.35
60.3
59.925
61.7125
60.8
59.725
59.1375
62.4
59.5625
60.125
59.375
59.8875
60.825
59.5
59.025
58.925
61.8
60.925
56.475
61.8
60.9
61.2
60.225
62.475
58.6375
