62.15
61.75
59.75
61
58.9
63.85
60.05
61.8
60.3
58.2
58.8
58.8
58.525
58.45
62.4
59.975
63.8
64.05
55.15
60.45
56.9
62.95
59.3
59.7
61.8
60.45
62.2
64.65
60.4
59.2
59.4
60.95
59.15
62.45
62.6
57.8
58.7
58.15
58.1
59.3
58.1
58.8
59.5
59.75
59.2
62.2
60.4
58.8
62.7
57.35
59.1
56.5
62.575
58.05
59.2
62.15
61
60.85
58.85
60.575
66.9
58.2
57.95
61.125
59.8
58.325
60.2
60.65
62.5
62.5
61.5
61.85
62.05
57.6
58.95
60.25
60.1
58.3
57.7
59.55
60.6
58.9
57.925
58.3
62.5
63.25
64.75
62
61.45
59.15
62.3
61
58.4
60.15
60.75
61.35
58.4
59.2
58.75
58.05
