58.3
60.95
60.45
63
58.975
60
61.375
59.1
60.25
66.65
59
63.7
56.7
60.525
60.95
62.4
60.65
56.5
61.775
61.75
56.0625
59.15
60.5
59.3
63.45
57.95
61.25
59.3
57.55
60.7
61.95
56.35
60.6
60.6
57.65
56.25
56.075
59.3
62.275
62.5
57.9
61.25
60.65
62.15
55.75
58.6
56.9
58.7
63.3
59.65
58.475
58.7
58.35
59.95
59.75
61.6
63.3
62.1
59.8
58.4
59.9
59.2
63.65
58.675
62.7
61.9
59.2
64.4
56.325
60.05
63.35
61.2
60.2
61.7
57.6
60.2
61.2
57.55
61.75
61
55.2
60.85
60.65
57.3
62
59.1
57.1
58.925
61.45
60.65
57.5
58.6
60.1
58.45
58.4
59.025
62.95
61.85
61.6
59
