60.2
61.35
61.9
60.075
62.25
58.95
60.45
59.8
58
61.25
59.25
57.7
60
58.7
66.6
63.25
60.3
62.4
58.55
61.65
60.9
59.6
61.7
64.55
62.875
62.55
61.55
61.6
59.05
60.4
61.9
60.9
64.85
57.1
59.75
63.5
60.7
57.55
59.8
59.1
59.2
60.4
62.25
58.75
63.4
63.2
57.9
60.7
62.2
62.325
61.3094
61.6
59.775
64.3
60.75
60.35
57.2125
64.35
58.1
62.65
59.2
59
59.5
65.3
59.5
64.6
60.15
57.25
57.7
62.2
60.9
61.3
61.5
62
58.8
60.75
59.5
60.95
58.9
60.65
58.65
64.85
59.5
58.9
61.4
56.25
59.35
61.9
59.3
61.75
60.4
58.65
56
63.1
59.45
59.3
61.7
59.2
58.7
58.2
63.375
57.1
61.55
62.75
61.25
62.9
62.45
61.2
60.775
62.7
58.35
61.5
59.75
60.75
64.1
62.05
62.2
58.5
59.7
61.6
62.9312
60.9
58.6
60.95
58.75
64.2
56.45
62.65
58.4
64.6
60.15
59.4
64.85
62.35
59
59.6
55.55
59
59.25
54.55
61.4
62.8
55
61.7
55.85
61.45
61.85
61.575
59.8
61.5
54.45
57.7
61.125
60.9
61.65
55.5
60.6
58.65
56.7
59.25
57.4
59.2
63.95
60.3
57.4
57
57.95
61.5
59.25
58.7
57.6
59.95
