59.8
62.5
63.05
63.9
58.6
56.55
61.725
58.55
55.25
53.8
61.1
62.125
60.85
58.05
63
59.15
58.9
58.5
58.6
59.8
57.5
60.35
60.8
59.8
61.45
62.4
61.8
62.5
61.35
58.8
61.75
59.4
57
64.875
64.075
60.15
62.8
60.95
62.5
60.15
62.65
59.8
59.4
63.55
59.8
60.4
59.65
60.45
60.375
59.95
56.95
59.1
59.85
59.05
59.6
60.65
58.625
59.75
56.4
62.2
62.05
62.9
60.3
60.25
60.85
59.3
55.5
57.925
56.5
60.1
61.25
61.35
60.5
59.35
55.95
60.05
58.4
59.9
58.125
56.2
58.3
64.4
65.75
60.95
59.15
58.55
59.25
60.85
59.65
58.75
58.9
58.025
59.7
59.7
61.55
60.85
60.7
58.9
59.7
63.75
