64.9
60.85
58.65
57.725
60
60.35
61.9
57.9
61.35
63.125
58.65
62.7
61.5
59.45
59.65
61.45
57.8375
58.625
61.7
59.1
62.45
58.05
58.1
62.2
59.75
60.75
62.2
58.2
66
60.5
59.55
58.35
65
63.15
59.05
58.2
63.1
65.7
58.8
63.8
58.75
61.7
59.85
59.8
56.6
55.95
58.825
62.05
58.1
61.85
59.8
63.8
58.7
60.55
59.4
64.7
59.95
60.85
62.9
60.025
62.55
65.025
57.25
58.1
63.925
59.35
61.9
58.275
61.75
61.05
62.25
62.25
60.65
61.2
58.05
61.9
59.05
63.6
54.65
61.3
60.55
60.4
60.2
62.7
63.85
63.05
61.6
56.9
62.75
62.05
60.7625
59.4
62.425
65.55
58.05
58.75
60.1
61.4
62.4
62.15
63.1
59.075
