58.825
58
62.25
64.5
59.9
57.55
54.65
61.9
59.8
60.15
60.25
58.05
58.45
60.55
61.3
55.6
60.6
59
60.25
59.7
62.45
58.1
63.9
61.2
61.3
57.1
59.9
59.2
59.15
61.15
62
59.725
58.5
61.575
62.8
58.85
60.1
64.5
59.5
56.8625
60.45
58.75
63.35
62.35
61.75
61
58.2
56.7
64.1
56.35
61.65
61.9
58.9
59.65
57.4
61.85
60.4
61.55
61.3
61.5
61.7
58.1
59.95
58.5
65.6
55
60.15
61.65
58.95
61.85
61.3
59.4
59.1
60.7
61.45
59.35
60.175
61.6
61.15
60.45
63.2
55.85
60.1
60.2
61.15
59.65
62.65
57.75
57.85
59.4
56.6
62.1
59.5
63.6
64.5
60.725
60.9
59.1
58.75
61.9
