58.3
59.2
61
59.4
60.925
57.85
59.55
60.15
60.95
60.25
62.2
60.5
59.15
57.575
62
60.3
61.4
59.8
64.8
54.95
59.85
60.35
56.6
57.75
60.55
61.425
59.35
59.1
61.45
61.45
60.35
58.1
57.45
60.7
61.9
61.575
61.35
60.425
57.9
58.7
58.5125
59.45
62.7
61.65
61.25
61.425
58.475
59.55
61.45
58.8
59.3
62.15
61.3
61.5
58.55
60
60.9
59.7
58.8
61.6125
62.25
58.975
56.2
54.7
58.95
60.55
56.675
59.25
59.5
57.425
60
59.35
58.8
57.525
56.45
61.3
60.55
57.575
58.7
59.55
59.85
57.6
60.55
59.2
61.2
59.8
57.05
63.15
63.45
62.1
63
62.35
61.65
65.15
60.45
62.3
64.05
58.05
59.8
59.6
61.15
62.65
