60.3
60.5
63.925
59.5
62.75
55.5
64.075
59.85
59.5
60.95
60.15
61.6
59.55
58.6
56.85
60.6
58.625
58.65
60.6
64.1
60.1
62.15
64.25
61.35
59.3
58.55
60.15
57.25
57.55
59.2
60.85
63.05
60.85
62.8
58.85
55.6
60.6
60.1
59.1
57.35
58.25
58.2
58.05
61.65
61.3
61.3
63.3
60.9
56.2
58.95
58.4
61.65
61.05
59.2
61.6
59
61.35
57.75
60
58.15
58.7
60.25
65.3
62.65
57.3
58.6
61.9
58.9
60.75
59.25
60
61.1
57.8
59.3
63.55
63.6
60.3
62.4
62.125
60.65
60
56.7
60.85
57.625
58.6
62
58.9
62.3
60.55
62.4
59.1
62.2
67.3
62.8
60.6
57.9
61.25
59.85
63.85
61.15
53.9
57.55
61.75
58.2
60.9
58.15
59.8
59.45
61.7
62.9
60.55
60.65
60.1
63.05
60.7
62.1
58.8
60.2
59.45
62.675
61
55.2
56.6
60
59.7
59.15
64.5
62.1
62.2
56.05
60.9
64.1
61.65
62.7
56.4
60.2
62.7
55.5
56.55
60.775
61.9
59.15
60.35
60.2
62.15
59.25
62.05
58.6
63.9
60.1
58.9
59.15
59.55
59.8
60.75
58.75
63.6
59.4
59.6
57.2
61.35
59.7
61.65
58.35
59.675
59.75
58.6
64.55
60.35
54.85
58.95
58
56.8
64
60.95
58.05
62.05
53.7
60.65
57.8
59.2
61.35
57.05
60.7
59.35
62.5
58.4
60.4
59.75
58.9
58.825
61.9
61.5
63.1
59.6
58
63
61.8
60.35
61
57.35
61.95
58.85
59.2
61.525
59.3
60.1
58
62.9
65.1
60.5
60.4
60.5
60.2
60.3
58.4
55.5
57.1
62.5
62.25
59.5
64.5
57.3
64.55
55.65
60.7
62.4
62.1
58.7
64
59.45
63.15
59.9
60.8
64.1
59.9
59.4
63.3
59.9
57.35
61
63.5
55.925
61.65
60.7
60.6
65.5
61.35
61.2
59.8
59.1
57.65
57.55
59.5
61.3
64
61.3
56.95
59.7
62
57.35
57.6
56.5
59.15
62.1
58.25
61.45
57.3
63
60.9
59.3
59.65
62.1
57.2
62.2
59.55
61.6
61.325
61.65
62.45
58.1
57.7
59.75
59.6
56.45
63.1
62.65
58.7
61
56.3
57
60.7
59.4
63.5
62.9
61.25
59.85
60.9
58.6
62.8
58.65
57.95
61.25
61
57.25
59.7
58.55
58.8
62.35
61.525
60.9
59.9
61.55
62.95
61.85
62.4
60.5
60.2
53.9
60.35
60.75
59.4
60.9
58.9
57.9
63.55
61.85
66.4
59.8
62.4
54.9
56.75
59.9
60.6
62.55
59.85
56.8
62.55
58.75
59.1
58.7
57.5
62
65.15
60.15
59.15
60.2
61
59.6
59.575
62.2
60.55
62.15
62.8
63.95
57.15
53.7
61.75
61.9
59.675
58.95
63
59.15
60.25
62
60
60.4
60.25
58.25
60.6
59.05
63.5
58
60.875
61
61.9
63.1
58.3
58.75
62.75
61.5
60.35
60.35
61.85
62.3
65.7
56.9
60.6
60.25
63.3
59.55
57.6
60
62.2
62.7
58.4
60.4
64.05
59
62.75
57.9
61.65
56.25
59.4
59.05
58.15
55.1
60.75
59.35
66.3
59.8
57.15
61
58.75
61.75
60.55
60.5
66.425
59.4
57.75
60.5
59.95
62
61.8
63.25
60.9
60.5
59.4
61.3
62.1
61.25
58.2
56.55
56.95
61.15
60.1
61.35
