57
63.35
60.8
59.45
59.75
60.1
57.5
59.75
58.5
59.8
63.65
62.1
63.6
58.65
57.6
62.1
55.9
59.9
60.4
61.95
60.9
59.825
61.5
61.35
60.2
59.95
60.7
60.1
58.7
63.35
60.55
59.35
60.4
61.35
63.7
56.475
60.1
59.2
59
59.6
58.3
61.4
62.3
61.85
59.45
57.45
58.7
61.2
55.9
62.25
60.2
56.7
62.3
58.4
60.4
63.95
58.5
63.55
60.7
57.75
58.275
60.45
56.35
60.7
58.45
63.1
62.6
63.3
60.5
59.95
56.25
61
57.75
60.5
62.8
62.7
61.8
60.15
60.6
58.85
55.15
60.3
58.6
57.9
58.5
56.5
60.5
61.75
57
61.9
56.4
59.65
59.65
61.4
60.85
61.7
63.7
56.5
62.25
62
58.375
58.05
61.85
63.4
60.15
60.85
60.2
56.7
62.5
60.6
60.8
59.45
60.9
61.9
60.3
62.2
63.75
62
60.8
56.3
62.45
59.7
61.55
59.6
60.45
59.675
61.55
57.25
55.7
56.4
59
56.9
59.45
59.125
59.9
62.65
61.5
60.65
57.1
61.2
57.1
62.8
64.5
61.6
58.15
58.2
60.8
61.5
60.9
58.525
63.25
60.1
62.65
65
59.6
61.15
63.45
60.9
62.7
58.05
59
59.6
61.3625
58.65
61.95
61
62.125
64.95
62.4
55
61.7
61.2
58.85
61.15
58.5
64.9
62.2
58.65
61.7
64.6
62.35
61.8
60.5
60.15
59.2
60.75
63.25
62.3
61.9
61.85
58.3
61.75
60.8
60.2
59.25
60.85
60.95
58.8
57.55
57
62.5
