63.55
61.325
58.05
60.95
59.9875
58.725
61.675
59.35
61.4
59.05
61.325
63.45
60.1
58.375
58.475
59.225
60.7125
58.7
62.225
60.15
61.825
60.7
60.4
61.85
59.9
62.375
58.825
58.675
58.1
60.975
59.775
59.075
60.35
60.9625
62.25
59.325
60.725
60.15
62.425
62.225
60.8
58.45
60.825
59.825
58.55
59.3875
62.6
59.6
59.525
60.625
61.0875
60.7
61.2
59.65
58.425
59
59.475
58.6
58.8
61.075
59.925
60.625
61.025
58.55
62.3
61.5
60
60.85
60.825
61.975
59.5125
58.25
62.575
57.075
62.375
58.4
56.825
63.225
59.825
59.4
59.325
60.575
60.425
60.625
59.65
61.725
58.5
61.9
63.8
60.9
63.2
63.175
62.55
60
59.25
59.25
58.925
61.35
60.75
59.0125
