55
60.9
58
58.6
57.5
58.3
57.3
61.1
57.9
57.15
56.1
60
57.3
58.5
57.55
57
57.2
55.8
55.95
55
57.4
55.2
60.2
61.15
60.45
56.7
60.9
56
59.4
61.9
57.9
53.45
57.4
56.1
58.15
56
57.6
56.9
60
60.3
57.25
57.4
58.6
58.8
57.15
57.2
53.3
57.9
57.95
56.3
59.15
58.2
57.15
58.9
57.6
54.7
59.1
61.2
56.8
54.5
55.5
58
58.5
57.3
61.4
59.95
56
56.6
59.9
58.2
56.6
57.8
61.6
53.4
58.7
58.85
57.75
53.65
58.4
57.4
54.2
58.6
58.6
56.85
53.9
57.7
61.6
59
59.1
58.45
56.9
62
58.3
56.8
54.3
53.9
57.9
58.5
58.45
59.9
57.75
58.7
59.5
58.45
60.8
54.8
57.85
56.3
61.2
61.25
58.6
54.9
60.45
55.9
55.5
59.6
60.4
58.5
59.9
58.4
56.35
61.4
59.1
57.7
58.5
59.3
57.7
56
57.2
59.45
58.2
57.3
55.5
58.85
58.1
58.4
57.4
52.9
56.9
60.2
55.4
58.3
56.4
60.5
55.35
56.1
59
58.8
54
58.1
58.6
61.9
59.9
56.6
60.05
61.6
56.7
57.9
58.8
60.4
57.9
57.55
60.55
59.35
56.3
52.9
59.8
55.1
54.55
56.1
57.8
59.8
53
54.85
51.95
57.5
58.65
53.3
57.9
58
51.1
59.3
61.4
55.8
56.55
60.75
57.2
57.6
58.45
57.85
58.5
55.7
62.7
55.2
57.8
59.1
59.25
55.35
56.4
57.5
