59.9
58.7
53.6
61.1
57.3
58
59.1
57.6
59.2
60.4
57.9
56.7
54.8
55.65
53.6
58.2
57.8
57.75
55.4
58.25
63.5
61.8
62.1
59.2
58.8
57
56.5
58
56.3
57.4
61.5
57.6
58.5
59.4
56.45
54.65
56.5
56
59
57.4
59.5
57.3
52.9
57.7
58.7
59
58.9
59.4
56.8
56.7
61.75
54
58.1
57.75
55.1
59.2
59.6
57.1
56.8
57.7
57.6
57.4
63.85
61.3
55.7
54.3
55.9
56.4
58.2
54.6
58
56.9
58.85
56.4
56.75
58.7
53.05
57.2
53.1
58.6
61.4
60.9
59.6
56.2
57.8
62.6
52.6
59.3
56.3
57.2
59
58.6
57.5
55.95
53.5
58
55.9
59.4
56.6
54.9
57.3
60.2
57.7
55
57.45
54.25
55.5
55.8
60.2
61.5
59.2
60.2
58.8
55.9
54.7
57.5
57.6
56.4
59.7
55.6
54.7
56.9
56.25
61.3
59.3
59.4
58.1
62.8
57.4
54.7
60.8
58.7
59.25
57.35
61.6
55.2
56.85
55.05
61.2
57.2
56.2
59.2
61.7
58.15
56.25
53.2
62.1
56.6
59.3
55.9
