59.4
60.1
61.8
55.6
57.4
55.3
61.55
56.2
53.2
57.6
54.55
59.4
53.9
56.5
57.1
58.05
58.2
57.8
62.2
62
54
56.65
57.6
54.1
58.9
57.5
55.2
59.05
59.9
59.65
60.7
59.2
58.8
55.75
60.85
57.6
57.4
56.6
55.6
55.75
56.8
59.8
57.35
58.9
51.4
59.15
57.6
55.1
53.15
58.1
54.5
55.05
58.2
57.8
56.6
59.1
62.2
56.4
56.25
60.3
56.85
58.3
59.1
58.8
61.9
58.3
52.8
55.1
58.4
54.95
59.8
54.65
59.15
57.15
56.9
57.1
55.5
59.75
59.1
59.6
58.75
61.6
59.5
56.4
60.4
60.5
53.35
56.3
58.25
54.9
58.2
52.9
55.6
56.2
60.9
59
55.35
55.9
57.8
55.95
55.9
59
59.85
56.2
51.4
57.4
58
52.1
58.8
56.4
57.4
54.6
59.75
55.8
58.9
56.5
54.3
61.3
54.4
59
58
55.2
59.9
58.85
58.8
55.65
57.8
58.2
61.5
53.4
58.15
52.6
59.7
56.5
59.7
55
58.7
53.9
56.5
60
55.3
58.6
55.9
56.85
59.6
56.2
59.15
57.25
59.5
56.05
61.8
56.8
57.9
56.2
58.4
57.9
57.8
54.4
58.4
61.55
56.2
55.8
61.9
56.45
57.5
58.05
57.5
56.1
61.7
