59.7
60.6
58.95
57.4
59.7
58.35
59.5
55.2
58.6
59
56.9
57.05
57.6
58.5
56.6
59.1
57.4
60.9
59.2
56.4
55.55
60.3
57.5
55.3
58.4
56.7
55.6
55
57.3
57.8
61.8
58.6
56
56.2
59
57.05
57.45
56.3
57.7
63.6
61.7
58
58.5
57.5
60.1
59
58.7
58.4
55.3
55.9
56.2
59
57.5
53.35
55.8
60.5
58.9
56.7
59.2
58.05
60.5
58.6
58.6
57.1
55.7
54.5
56.55
56.9
56.75
55.8
56.95
58.2
59.9
59
54.3
56.8
56.9
58.45
54.7
56.6
61.8
58.3
59.2
56.1
57.5
55.45
61.3
57.6
59.5
60.3
59.4
56.6
54.8
57.85
55.4
58.05
55.8
60.95
57.1
54.2
