56.05
57.85
55.4
56.9
55
59.55
54.6
59.55
58.3
57.2
54.75
57.6
57.6
56.35
57.1
57.3
62.5
56.75
59.7
57.7
54.45
54.6
61.85
59
54.45
52.85
60.6
56.8
58.65
58
58.1
59.9
61.3
52.65
57.95
56.3
58
60.05
59
55.5
59
58.1
58.65
59
56.3
58.35
59.25
60.8
60.7
57
55
57.7
59.9
57.1
61
58.65
58.6
56.05
55.7
58.5
62.3
58.2
57.5
54.45
52.2
57.75
58.2
59.6
61.6
59.25
58.3
59.6
58.95
59.5
56.35
60.15
56.4
60.2
58.7
59.15
57.6
58.3
59.5
56.7
55.2
61.3
58.65
56.2
58.65
57.9
60.2
57.4
52.2
60.2
57
56.2
52.2
55.1
58.45
55.9
