58.95
57.95
58.2
58.15
57.4
60.275
57.275
57.15
56.125
61
57.775
58.325
58.35
57.9
61.65
57.4
59.175
60.775
58.575
56.85
58.225
56.85
57.975
57.45
57.65
61.2
60.075
57.85
57.95
59.775
55.9
58.4
56.95
57.8
57.425
57.35
58.25
54.975
57.4
59.525
58.325
55.55
59.4
57.225
58.15
61.2625
58.45
59.45
56.1
62.025
59.125
59.6
55.45
58.4
58.55
61.05
57.35
60.85
58.4
56.45
59.05
57.65
57.65
59.125
54.675
56.45
56.8
57.55
58.75
59.45
58.8
58.025
56.275
57.475
60.65
58.1
58.025
56.875
59.7
59.45
59.075
58
63.35
58.2
56.9
57.725
55.65
56.825
55.65
58.4
56.7
57.25
59.15
56.45
62
57.25
57.25
58.475
58.6
58.65
