56.3
55.5
53.35
54.1
57.3
55.3
58.45
55.85
56.75
54.8
53.4
59.8
57.3
55.1
61.5
58.7
56.65
59.1
59.4
57
57.1
63.15
58.2
54.1
57.8
56
62.4
53.9
54.8
55.55
56.4
57.8
59.1
58.15
63.75
57.6
59.65
54.25
59
58.2
50.7
58.6
55
59.5
56.2
56.5
57.8
58.4
56.7
55
58.5
56.65
54.2
52.75
56.6
57.5
55.3
55
55.2
57.8
61
57.3
54.6
57
55
55.7
56.8
56.95
57.35
57.4
59.35
58.55
58.65
58
59.1
59.2
60.25
57.1
55.9
55.7
53.7
56.9
53.15
59.2
54.6
58.2
55.7
58
54.2
62.25
55.7
56.4
56.6
57.35
56.85
57.3
56
55.65
57.6
60.1
