55.2
61.1
54.5
54.7
61.3
56.65
56.15
58.65
55.4
54.95
57.6
62.75
56.6
60.5
59.15
55.2
59.8
49.4
57.9
62.8
55.1
58.9
56.7
55.1
54.95
57.5
59.4
52.65
56.8
58.1
57.9
55.2
57
55.3
54.9
60.2
62.1
60.35
56.5
57.9
56.5
57.15
59.9
57.5
60.7
55.5
53.7
60.2
55.2
54.15
59.2
57
56.5
57.9
57.6
56.35
55.1
60.1
59.8
59.5
59.1
58.5
58.7
58.3
55.1
59.8
59.3
56.6
58.3
57.3
56.4
59.1
58.4
60.4
58.6
58.4
57.6
58.7
56.9
56.9
57.1
60.5
62.7
56.5
57.8
58.3
58.4
61.7
60.2
58.9
59.15
56.6
58.75
59.9
57.65
59
55.1
58.7
55.95
57.1
60.55
57
56.45
61.6
57.5
56.85
55.5
55.5
57.1
57.15
57.45
61
57.4
56.8
51.3
60.75
57
58.2
60.3
57.8
55.3
58.6
57.6
59.6
56.2
55
56.9
54.5
60.8
58.5
55.1
57.5
60
58.8
56.95
58
58.3
59.1
55.5
60.35
57.15
60.6
59.8
57.4
55.8
55.9
60.9
59.6
53.45
58.2
56.8
60.05
57
54.8
56.7
55
57.8
60.1
55.95
60.85
55.8
57.4
52.9
58.2
58.2
58
59
58.6
57.7
60.1
