58.6
58.55
59.1
56
57.35
57.775
58.475
59.825
60.35
57.15
57.8
58.5
58.925
60.225
58.95
56.375
60.5
57.325
61.45
59.85
56.6
59.15
59.6064
58.55
54.9
57.7
59.2
57.575
56.925
60.975
59.55
60.075
56.8
57.2
57.45
56.9
58.775
56.625
59.7
59
59.35
60.45
58.75
54.325
59.925
57.475
55.5
56.125
57.775
59.95
60.775
59.2
58.2
58.2
58.65
62.05
62.275
60.275
59.9
60.45
58.45
58.3
57.35
58.975
57
60.05
54.95
58.3
58.35
58.6
56.55
58.225
57.725
57.5
56.85
58.85
59.7
59.175
59
55.95
57.65
57.45
57.5
59.55
57.6
58.55
57.3
59.25
57.175
57.45
58.2
57.65
60.1
57.925
59.65
58.05
58.825
61.15
58.65
60.525
