58.5
61.15
61.05
57.8
54.7
55.5
56.5
56.5
53
56.1
62.4
60.7
59.8
55.4
59.3
59.5
56.25
57.1
56.4
59.5
61.6
56.5
58.3
58.2
56
56.6
56.35
58.3
57.3
59.1
56.5
58.3
57.2
56.1
54.6
57.9
57.9
56.9
58.2
54.2
56.2
55.1
58.8
58.8
59.2
58.4
57.3
56.6
56.95
59.3
59.2
59.5
54.3
55.3
61.8
57.6
59.6
55.7
57.6
57.8
57.75
54.4
58.4
59.1
59.3
56.6
58.6
60.6
55
59.5
56.15
57.35
55.6
58.7
58.95
59.2
55.75
56.8
60.95
57.3
56.4
52.65
60.7
55.55
57.5
59.6
56.8
54.7
58.6
61.7
56.5
57.9
58.3
60.15
56.25
53.85
56.3
56.9
55.6
57.8
