58.2
59.5
56.6
55.2
55.8
56.3
55.9
59.65
59
60
61.9
56.1
56.9
55.85
55.8
56.85
60
59.6
55.8
58.7
56.4
57
59.7
58.95
56.3
59.7
57.5
61.2
57.2
57.1
55.55
58.4
58.6
58.8
57.6
57.2
56.2
58.45
57.8
57.7
55
60.7
58.8
57.9
62.5
58.4
60.9
55.2
51
59.1
60.5
55.5
55.8
55.7
52.8
53.9
56.4
61.55
57.8
54.75
58.7
58.3
54.2
57.6
53.6
57.8
57.8
58.65
60.8
56.5
53.85
63.1
57.9
56.5
51.95
54
57.2
56.9
54.5
55
57.5
57.9
57.5
59.7
56.2
58.25
52.3
60.8
59.3
63.65
58.9
59.8
54.1
54.6
58.3
57.7
59.3
59.1
57.2
59.1
59.1
54.35
60.3
57.8
60.1
57.6
53.3
56.4
56.5
56.1
59.7
54.9
55.9
58.9
59.95
61.2
56.4
58.4
55
57.5
53.85
57.7
56.8
57.3
56.2
56.7
53.95
56.55
54.3
57.4
58.4
57.5
60.1
57.55
56.3
57.6
56
59.6
59.6
59.4
54.9
60.5
55.2
57.7
59
60.5
58.9
59.3
61.2
56
58.55
62
58.9
57.4
54.3
58.9
56.9
60.5
60.3
59.8
53.7
57.45
57.85
58.8
57
56.55
55.85
53.6
61.8
57
57.4
55.2
54.5
57.6
56.2
60.7
61.2
57.65
61
59
58.2
56.1
53.65
55.9
56.9
58.3
61.35
58.9
59.5
59.2
57.2
61.6
61.2
53.35
58.1
57.2
57.5
53.7
60.4
56.85
