58.35
55.8
55.3
57.1
54.9
60.7
58.15
60.75
58.1
56.9
60.55
58.1
56.55
51.8
55.8
52.95
63
56.3
57.4
59.4
57.8
59.05
61.1
54.6
58.45
54
59.7
57.7
58.9
55.9
60.2
57.8
57.9
58.65
56.7
56.45
60.1
58.55
59.6
61.1
58.7
53.9
56.1
55.5
59.65
56.4
58.7
58.8
56.0706
58.1
57.85
49.9
55.2
59.9
57.1
59.9
61.4
56.3
58.5
54.35
59.7
59.9
56.9
53.7
56.1
59
59.75
57.1
58.8
57.4
52.8
60.1
60.3
53.4
57.3
58.75
58.6
60
54.9
57.4
58.2
59.5
57.3
58.9
59.95
58.75
54.7
54.9
57.45
57.3
55.7
59.4
57.8
58
55.1
56.9
56.7
56.7
57.7
58.35
55.8196
55.05
57
59.3
55.4
55.75
56.7
60.1
59.8049
58.5
53.4
59.3
56.35
60
57.6
55.5
59.3
59.2
59.2
56.9
62.4
58
58.5
57.3
60.9
57.4
60.05
59.5
58.6
59.85
56.5
61
60.7
60.4
56.1
59.7
56.5
54.65
58.4
54.1
57.4
59.3
55.55
59.35
55.6
60.7
57.25
58.65
60.3
55.9
55.5
59.1
56.35
62.025
59.2
56.4
56.1
57.8
57.4
58.6
57.4
53.7
60.25
57.2
62
62
57.1
57.9
57.8
55.8
57.7
57.8
55.25
58.9
58.1
60.1
56.4
58.3
60
56.9
63.45
57.1
58.15
58.8
59.5
54
55.8
56.1
58.75
57.1
60.5
59.2
60.3
58.1
61.7
55.55
59.3
60.05
55.9
56.7
55.9
59.3
54.5
57.7
58
58.9
57.8
53.5
59.6
55.8
61.2
56.2
59.8
55.6
63.55
54.6
56.65
60.3
56.5
59.5
57.3
58.9
61.2
54.1
62.5
59.95
58.4
59.5
59.5
59.3
58.5
60.2
54.7
59.2
54.8
57
61.6
55.1
60.5
55.9
53.6
60.15
54.3
59
57.5
60.2
55.5
59.9
58.2
61.7
61.5
53
56.4
53.3
56.3
59.5
53.6
55.2
59.4
58.9
58.8
58.8
57.2
57.55
57.35
55
59.1
58.55
58.7
55.85
58.1
59.35
60.1
60.9
59.1
60
57.7
52.8
54.1
54.8
58.3
56.2
56.2
58.85
60
57.15
60.6
57.6
57.3
60.55
57.5
57.2
61.7
57.4
62.7
59.3
60.6
59.8
58.7
59.2
54.3
58.4
57.45
58.925
60.1
58.9191
59.2
60.8
56.9
59.2
61.2
61.1
60
58.3
57.3
56.7
57.05
60.3
57.2
61.8
62.1
58.9
58.25
55.5
53.85
57.4
57.7
57.3
56.3
55.8
56.4
57.6
59.1
61.95
58.3
58.7
61
56.2
59.3
60.4
58.8
54.8
60.3
59.75
57.15
56.8
57.3
61.1
64.2
57.55
58
56.65
57.95
60.1
57.85
59
59.1
58.3
56.2
57.4
59.7
60.6
58.5
58.8
59.5
57.65
59.95
60.7
59.9
59
58
53.95
56.4
59.65
58.6
57.3
59.6
55.4
56.6
57.05
57.55
55.5
58.05
57.1
60.1
57.85
55.6
61.5
56.75
55.7
57.7
56.05
55.9
58.5
57.7
55.7
54.6
62.9
57.9
56.1
58.1
56.85
59.2
55.8
60.3
56.7
55.9
55.95
60.9
61.9
59.9
58.65
57.5
56.95
55.8
58.1
54.4
57.5
63.1
58.6
59.1
58.5
58.4
58.7
59.2
60.4
60.6
