58.3
57.2
55.1
55.7
58.6
56.4
57.8
58.45
57.5
56
54.8
55.8
56.2
55.15
57.3
53.1
56.3
58.2
57
54.9
57.9
56.15
62.05
61.1
56.05
60.4
55.9
55.45
59.8
61.35
59
52.4
56.8
59.8
51.9
58
56.4
55.1
58.8
54.4
58.5
55.6
55.2
54.8
55.05
54.5
57.4
57.25
58.05
58.25
56.7
56.4
56
62.4
58.6
60.85
56.4
58
55.4
55.7
57.7
53.1
51.7
59.5
57.8
59.25
56.6
54.1
60.9
57
57.1
58.25
55.6
54.95
55.3
54.9
57.3
58.35
55.5
55.4
57
57.7
55.6
57.5
57.85
61
57.3
58.8
56.025
58.05
59.1
58.6
54.8
56.7
61.15
59.35
57.35
62.15
53.5
59.8
