57.15
55.15
56.1
58.4
60
57.8
55.8
61.05
56.5
55.2
53.1
60
58.05
60
56.6
58.2
58.3
55.25
63.3
57.9
55.35
57.6
59.5
54.85
55.3
53.7
60.6
56.4
55.6
59.3
57.6
58.8
53.75
55.4
57.25
57.15
57.2
53.65
57
58.5
60.5
60.1
60.5
60.9
60.1
57.5
55.8
56.9
57.8
57.15
58.8
54.8
57
59.4
57.075
58.8
57.5
57.4
59.7
57.7
58.55
57.8
57.4
55.2
60.75
56.55
56.25
58.3
57.3
56.9
58.95
59.9
59.35
56.5
57.3
57.6
58.15
56.5
60.7
60.2
54.6
57.4
54.6
56.8
59.3
57.5
57.55
55.9
55.95
55.35
54.4
59.4
56.1
59.3
56.6
53.55
62.7
54.25
55.5
60.4
