57.825
57.3625
56.225
59.025
59.375
58.8
59.3625
56.9625
58.5625
57.325
57.6125
59.025
57.1875
58.3
57.8375
57.9625
57.8375
56.85
58.675
59.0625
58.475
57.825
56.1875
58.15
57.875
57.5625
57.9625
58.725
58.2375
57.575
58.35
59.55
60.3625
57.0063
59.0875
60.75
57.375
58.6
56.625
59.2375
59.175
59.7
56.25
57.8625
57.55
56.85
59.25
57.725
59.4
60.0125
58.025
59.4
58.125
56.5875
57.7875
56.575
58.275
59.4
59.9625
59.025
57.4125
57.375
58.5
60.5
59.0875
58.1875
59.7125
58.55
58.725
59.1
59.025
57.25
59.325
58.05
58.4375
58.95
59.2125
60.375
58.1125
56.1875
58.5
58.375
59.8406
58.0938
59.3875
58.3375
57.7
58.5125
56.8875
61.3625
58.5375
58.725
59.9062
58.55
58.175
57.725
58.175
56.725
57.8
58.35
