55.65
57.5
57.1
60.45
56.65
57.95
57.7
54.2
59.35
56.3
59.55
57
58.6
56.6
57.8
54.65
61.3
52.3
59.6
60.05
57.3
57.3
59.4
57.3
61.8
56.6
59.8
54.8
52.35
59.65
54.55
57.8
57.7
57.2
58.1
58.05
58.6
56.4
55.5
56.3
58.1
61.2
58.25
58.25
58.8
57.2
56.9
53
59
55.1
58.4
61.2
56
58.8
60.4
52.1
58.4
58.2
62.9
59.95
55.4
60.8
58.5
57.5
59.5
57
61.35
59.9
56.9
56.5
55
54.4
55.7
61.1
54.65
56.5
56.1
56.9
59.8
58.4
55.7
60.1
59.3
58.3
55.5
53.8
56.4
60.5
57.5
55.4
58.8
52.4
56.05
58.8
58.3
56.8
58.9
61.7
58.85
58.7
53.5
59.05
55.4
57.8
58.35
55.6
54.2
56.5
56.3
54.3
60.4
56.8
56.7
54.1
53.8
53.4
58
58.8
55.9
56.8
59.2
61.8
51.1
61.3
54.4
60.2
61
54.35
57.9
59
57.4
56.1
57.1
55.1
60
60.5
58.5
57.2
57
58.3
57.1
58.7
57.8
53.45
56.8
55.5
53.05
56.4
59.95
56.75
