62
55.1
58.6
58.75
60.5
58.6
55.9
58.15
60.3
56.55
58.7
56.6
58.1
57.9
57.1
56
58.65
58
56.75
57.9
59.2
56.5
59.3
59.45
60.2
60.4
59.4
56.3
58.35
57.6
59
58.1
62
56.85
58.9
57.1
54.9
58.3
52.6
59.55
57.5
59.2
52.5245
55.45
57.4
57.5
59.6
61.3
56.3
58.9
57.4
57.1
61.9
56.5
59.1
58.7
56.2
60.4
57.75
57.3
57.9
58.6
60.2
54.55
59.95
58.2
62.6
61.8
64.1
57.5
62
55.6
56.35
57
60.7
58
58.2
55.8
57.4
55.95
58.8
56.4
60.15
58.8
57.4
59
58.9
57.8
56.9
57
56.7
60.9
54.4
61
60.2
58.8
55.3
56.9
61.2
59.1
60.2
58.45
59.6
53.7
57.7
62.8
58.6
58.35
57.2
57.55
57.1
61.2
59.2
59.1
60.95
59.1
59.2
53.2
59.1
58.6
60.05
58.8
61.6
56.4
60.6
54.6
57.9
57.1
59.3
57.4211
59
60.8
56
57
61.7
57.4
58.2
56
57.9
57.3
55.25
57.2
57.7
62.25
56.95
57
56.6
56.2
59.3
57.55
57.05
58.4
60.8
56
58.3
58.45
57.5
59.3
58.5
58.95
59.8
59
57.2
57.5
56.5
60.9
56.8
55
57.2
57.2
57.3
60.2
59.7
55.3
56.8
56.6
59.3
58.3
56.8
60.2
59.5
56.35
60.7
60
60.5
60.15
58.25
61.05
57.3
56.4
55.2
61
60.15
59.3
59.4
56.3
57.7
62.5
62.4
56.85
61.8
55.1
59.5211
60.75
55.55
58.7
57.3
58.3
56.4
60.1
61.35
51.15
58.3
55.8
59.6
59.45
56.35
57.5
58.7
58.8
64
59
59.5
59.4
59.7
57.4
62.6
60
62.1
55.8
53
58.4
59.6
57.1
58.6
57.4
64.3
58.05
60.2
58.1
56.2
56.65
59.3
55.15
60
58.4
58.4
56.5
56.85
58.1
57.875
57.4
62.2
59.8
58.2
59.7
59.7
56.3
60.55
59.95
59.65
56.8
61.7
57.05
53.4
58.7
60.1
59.3
56.5
56.45
55.4
61.1
55.3
55.95
59.2
57.85
61.6
62.8
58.3794
56.6
58.2147
58.05
60.45
59.825
56.3
57.95
55.95
56.5157
58.5
57.85
55
59.2
57.2
60.8
56.2
56.5
58
57.8
64.4
58.1
55.05
55.9
58.5
61.9
57.3
55.2
60.6
61.7
56.3
57.8
58.7
55.75
59.3
54.7
55.4
59.1
58.45
58
56.65
55.3
57.6
60.5
57.7
52.5
59.15
59
59.4
58.7
57.95
61.3
57.6
55.3
52.4
58.6
54.2
58.75
52.6
56.6
57.4
59.55
58.85
58.2
58.6
60.1
57.85
61.2
60.05
58.6
59.8
55.9
59.5
57
58.1
58.5
55.1
61.9
54.7
55.05
58.2
59.9
55.75
56.95
59.9
60.05
52
61.3
58.6
60.8
58.1
58.1
57.4
62.1
57.8
58.7
57.7
57.9
60.4
57.95
60.55
57.6
60.1
57.3
57.6
55.85
59.8
57.65
56.65
63.3
60.4
54.8
59.3
61.5
57.8
60.6
58.8
57.6
60.85
59.4
56.8
60.8
60.7
53.9
59.4
55.4
52.9
58.8
60.75
56.15
57.9
57.1
56.3
61.95
59.3
56
59.5
58.9235
58.6
59
61.5
58.05
57.8
58.2
59.6
58.7
55.5
56.4
58.5
57.8
56.9
57.9
59.25
56.85
