41.4901
40.6685
41.4375
36.9811
36.6894
38.6207
38.0062
36.4238
41.0835
42.8283
36.9792
41.5354
43.85
35.214
41.25
41.8455
40.1114
40.8482
41.4943
40.0259
38.4127
37.1287
38.8889
40.2778
39.2857
38.172
36.2816
39.0935
37.7586
41.2262
35.7934
42.1
37.1542
42.7755
42.6941
42.2
40.2813
37.9139
42.1811
40.1178
40.2616
38.796
35.3306
40.1216
43.6
41.2465
29
37.8676
43.8
40.3797
34.4856
35.4086
35.786
43.6
41.7735
43.75
41.0714
36.7384
40.1907
42.7
31.7073
41.6468
33.1658
42.4
34.6698
41.0138
40.9091
41.7676
36.3095
41.6295
43.578
42.1412
41.387
43.325
42.2
37.8981
40.8203
37.9421
41.4725
40.2299
40.3846
40.0815
42.1498
37.0861
36.4504
37.7206
40.1436
38.986
39.4663
41.9023
41.6901
38.1206
39.1026
38.1618
42.3251
43.75
40.508
38.6293
34.4898
39.5833
40.9751
39.5833
39.2473
40.411
37.5385
35.5967
39.2491
38.9222
34.898
36.8421
41.299
38.5075
39.4737
37.8521
43.0862
41.7098
38.9488
38.7874
42.3
40.1084
41.6859
36.59
37.3626
42.1212
42.9448
43.5
32.9876
41.4097
36.9565
39.426
42.4
45.5
39.2097
35.9438
38.75
34.5291
34.7826
40.7828
36.166
38.4986
40.9218
35.2321
40.1848
42.5
39.1984
42.779
40.9091
38.1737
33.2599
43.2653
41.1785
46.5
35.2083
42.2093
38.3901
38.6707
38.3824
42.8571
42.4025
39.6104
38.3431
40.5172
41.5033
42.9825
30.6358
40.6658
36.2745
39.1667
43.3
40.2235
39.6875
33.7558
37.3016
40.8288
41.5975
43.6
40.0915
42.4508
40.4467
42.0048
40.7801
39.7139
43.8
37.4233
38.4191
41.7226
42.8212
36.2676
32.8571
36.2782
43
42.75
38.1498
42.6596
39.5139
40.8884
38.4683
40.0735
41.0165
41.1727
38.8199
39.6214
41.1145
41.2698
36.2705
37.3541
41.7875
40.1
35.45
39.5
36.8
43
39
38.2
39.8
38.8
41.1
42.4
41
42.9
39.5
41.7
44.95
40.8
42.65
43.3
41.4
41.3
44.25
37.45
41.25
39.3
37.8
42.7
38.9
40.6
37
39.5
37.6
41.8
41
41.5
38.75
40.8
42.6
42.7
43.2
40.2
40.4
39.8
41.65
39.6
38.7
42.6
40.2
43.5
39.3
41.15
40.6
41.2
42.6
42.25
40.2
43
41.7
42.15
44.5
39.4
38.45
40
40.7
38.85
41.8
39.2
41.7
41.2
42.85
39.3
40.3
35.25
41.4
39.9
43.15
41.8
39
38.15
39.7
40.3
41.9
39.2
38.0648
38.6
41.15
46.1
41.1
43.25
37.3
40.1
41
44.4
38.9
39.45
36.9
38.4
42.5
39.85
43.35
38.85
37.3
34.25
37.3
41.6
41.1
40.8
39.7
39.8
41.2
36.85
39.6
41
43.5
39.2
37.45
43
39.2
39.2
38.6
40.1
40.3
44.8
38.7
36.05
43.6
39.8
42.4
38.45
41.45
40.1
42.1
42.35
41.475
40.65
39.4
42.8
37.6
42.05
40.85
39.2
42.8
41.1
45.5
41.7
41.9
38.65
41.2
42.8
39.8
39.7
38.3
37.2
38
41.55
42.9
37.5
40.9
36.7
39.4
42.6
37.55
41.65
39.8
38.7
37.4
37
41.5
39
41.7
38.9
37.95
38
42.75
38.1
37
41.25
39.45
39.8
40.6
40.3
44.6
36.2
41.65
39.6
43
42.05
39.2
40.9
41.6
39.95
40.8
36.8
40.8
40.6
40.5
38.75
41.4
41.1
42.5
38.9
39.3
40.7
41.2
38.7
39.85
41.6
46.2
44.3
39.1
38.15
39.5
39.95
41.1
44.8
41.55
41.9
42.2
44.9
37.75
39.15
39.8
41.1
42.9
40.3
39.9
41
39.7
38.6
37.3
