36.5942
40.7143
41.6667
41.0811
35.2679
38.7931
39.9183
40.1496
37.7622
42.4505
41.1517
40.6646
38.8177
42.4226
39.69
41.5718
44.2424
39.8148
38.1034
41.3253
36.0169
37.3684
39.7015
40.6587
39.6552
34.6154
40.5371
40.3955
42.068
40.4509
42.1264
39.2573
34.4203
34.205
41.3288
34.6847
38.8072
40.4977
41.8502
36.2069
38.4273
35.687
36.4979
40.5117
37.7023
41.1392
38.8715
41.9847
41.1765
37.8571
37.1094
42.4138
38.3523
43.018
34.8517
40.8219
37.4598
38.2296
42.5459
38.8268
42.7
39.0966
40.3561
39.1061
42.9719
42.9954
39.0244
38.2812
36.1472
45.1
36.1314
36.63
40.2913
38.4228
40.1937
39.3695
40.3047
41.1987
40.2507
38.4752
38.6213
36.7893
37.2
39.4615
36.3971
41.0176
32.0707
44.1
48.5
38.4384
39.6974
43.35
34.3096
40.634
40.1106
38.9474
39.3417
41.8902
41.5385
40.1875
37.7966
40.7125
