40.8
39.7
39.55
40.4
42.3
36.4737
42.1
38
40.8
41.85
38.45
39.6
42
35.4023
42.8
38
42.5
35.8
36.1111
41.65
39.95
38.8
43.2
44
39.85
38.3
42
39.15
40.2
39.75
43.8
39.1
40.35
42.4
38.7
39.9
43.3
41.15
34.5494
37.85
38.8
37.05
41.6
38.2
39.05
39.3
42.2
39.7
40.65
38.2
42.6
36.1446
40.3
35.1508
39.4
41.6
40.7
38.2
35.25
39.2
45.9
41.375
39.45
39.15
37.95
42.2
39.5
39.7
38.35
38.8
45.3
38.6
39.6
40
42.35
42.7
41.85
42.4
43.25
40.6
38.8
40.3
41
38.2
43.6
39.5
43.5
38.6
42.2
43.3
39.4
41.4
40.5
38.55
37.85
36.6
42.3
43.4
38.3
41.6
42.85
39.15
38.15
39.25
42.3
44
40.8
43.3
38.4
38.9
39.3
38.8
41.4
41.7
39.35
36.65
42.1
40.5
41.45
41.5
39.9
42.75
38.2
37.1
43.7
44.6
40.15
41.05
40.6
39.6
39.8
42.4
45.55
42
39.5
42.1
37.3
40
39.4
37.9
35.7143
39.5
38.9
41.45
42.5
40.1
40.1
41.65
35.8811
39.9
39.2
39.5
42
39
41.65
36.4879
39.6
36.0753
40.9
46.3
43.4
42.8
39.9
39.55
44.5
43.8
38.65
41
38.95
39.1
42.8
38.6
