38.35
38.2
40.7
39.1
38.05
42.05
40.3
37.35
40.9
35.9
38.2
41.25
41
43.1
38.4
44
39.4
41.5
38.3
40
40.2
41.25
37.25
36.3
38.45
38.5
42.55
42
40.6
41
36.5
40.8
39.5
40.8
38.1
43.85
41.25
40.7
39.65
39.5
36.1
43.2
43.1
42.4
38.525
42.05
40.7
40.85
38.9
39.6
44.6
36.7
40.3
40.9
39.2
38.6
43.6
42
42.2
38.65
36.95
41
43.35
41.5
39.8
39
32.9
37.9
37.65
47.6
38.6
40
41.05
35.7
41.95
40.2
37.9
41.6
37.75
45.4
42.4
41.2
45.05
41.15
39.6
43.5
40.25
42.1
38.1
40.65
39
40.35
43.4
42.7
40.35
39.5
41.75
40.9
40.45
38.95
40.5
40.1
38.7
41
41.6
39.9
45.05
38.2
40.95
42.85
43.75
38.3
37.4
38.6
39.2
40.4
43.5
38.75
42.45
38.85
41.1
37.5
37.65
39.55
39.4
39.3
38.6
40.8
39.9
43.8
39.8
44.25
43.2
40.6
42
41.1
38.05
39.55
42
40.6
41.3
36.5
41.1
37.9
41.4
40.7
35.1
40.7
36.4
39.05
42
37.2
37.9
38.9
40.5
39.1
41.5
37.9
39.25
38.3
36.4
41.55
40.6
42.05
40.3
44.2
41.6
37.6
38.6
43.4
37.6
39.1
40
39.4
40.85
39.3
41.65
40
38.1
39.1
39.05
38.75
39.65
41.9
42.85
38.7
40.75
42.1
43.35
39.75
41.15
39.3
40.2
39.05
40.05
41.8
39.3
41.35
37.6
42.3
38.15
