40.5836
38.1536
44.6
40.8801
44.65
37.1369
38.1068
37.7612
40.1809
41.0991
40.1114
39.1276
40.3005
42.4581
37.108
37.069
34.5982
41.0714
38.2184
37.0066
37.0629
41.6839
35.1626
42.6653
42.9769
42.1053
35.034
41.3242
35.5019
39.3151
39.6491
38.1967
37.5969
39.8773
40.2743
37.5458
41.7431
37.4023
36.8687
41.2467
37.9934
40.7821
36.9388
42.6078
38.9571
38.79
38.8889
42.2018
40.2819
32.1078
37.7814
36.5672
38.354
38.8177
39.9691
39.6774
38.2353
39.4322
33.9953
39.2308
39.8601
34.6983
38.141
39.9631
41.2437
41.1504
34.9421
39.661
32.2222
42.8
43.8
42.4009
41.5138
39.8352
37.7907
44.15
36.2989
41.4141
34.9372
38.5886
41.3239
34.0426
43.2778
40.9148
39.185
40.9794
35.4406
37.7358
43.45
39.267
42.9097
40.6685
41.2371
41.1125
40.274
38.4477
32.4201
39.8017
37.884
37.9365
