40.7
44.7
37.5
38.8
41.5
40.6
42
40.5
42.25
43.1
44.65
37.3
41.1
37.2
37.75
38.6
37
39.4
39.3
42.4
39.4
41.7
39.5
38.4
39.3
40.9
35.8
38.5
40.05
37.85
42
41.4
41.5
36.3
42.75
41
38.9
44.7
43
39.4
38.95
39.5
39.5
43.2
40.2
42.8
41.55
41.3
38.9
41.1
39.75
38.7
39.3
36.3636
39.6
39.1
40.1
37.4
39.7
36.7
37.7
39.95
37.9
38.5
39.15
37.9
36.25
41.4
40.05
38.2
42
40.8
41.1
42
40.85
41.35
41.3
39.8
39.2
37.6
38.5
39.1
41.3
41.3
35.7576
43
43.3
37.75
42.1
43.3
42.1
41
40.7
37
40.05
40.35
39.95
41.4
40.4
43.8
40.9
41.7
42.6
40
39.2
37.9
41.4
37.2
37.3
41.15
38.5
38.2
40.35
37.5
41.7
38.75
38
40.6
37.6
43.2
40.3
39.2
38.7
39.8
42.85
38.7
41.3
38.6
37.8
37.45
41.5
41.85
46.3
36.9
38.1
43.2
43.5
40.5
42.8
40.2
41.15
39.6
40.575
36.9
40.7
39
36.4948
41.7
42.15
39.5
35.85
42.65
44
39.75
42.2
37.85
37.3
41.3
42.7
36.4948
38.6
43.8
40
41.4
37.8
37.2
39.3
37.7
39.6
41.7
39.8
40.2
