37.4587
41.7722
39.557
42.7
35.7759
41.5042
36.5297
42.3503
40.2556
42.8344
41.3978
41.6667
26.0736
42.5408
38.4375
38.61
39.9417
38.474
40.8719
39.8058
40.2143
44.5
39.1374
41.6667
40.6674
40
36.4504
35.1083
43.6195
39.4172
37.3047
42.4877
35.8083
32.6577
38.2263
41.7857
39.2351
38.1757
37.7163
40.9692
41.7053
41.9459
38.9881
43.95
40.301
42.5275
40.771
40.8711
39.2962
43.7229
39.7059
43.65
36.3118
40.4088
40.6154
40.5852
38.9058
41.4118
38.9053
39.0572
35.9023
38.6167
42.9752
38.7784
34.4262
37.2168
42.7896
38.0556
37.9934
39.375
38.7238
33.8308
35.4582
40.404
41.6045
41.4894
37.6344
40
40.3794
39.6396
42.2
41.9456
40.7059
37.3606
42.1277
40.4025
38.1323
38.4752
40.5312
37.3148
39.3189
42.5
41.8367
38.3621
36.8519
35.5882
43.25
43.1718
40.39
39.3581
