44.7
42.2222
38.6018
41.6862
40.1652
40.4412
42.679
38.1965
39.9721
39.0056
41.5975
41.8342
41.875
41.9643
43.45
36.8526
41.3136
41.1565
40.2094
39.9713
38.7372
37.5439
39.0278
43.4
35.5731
41.3349
38.5833
35.9615
39.3782
43.3
37.8419
41.1417
41.6881
43.2844
34.6847
40.5292
42.5
37.5906
42.6411
31.25
38.796
36.8201
42.0273
40
37.4101
41.375
42.0526
39.5775
41.2281
37.0036
44.55
36.4686
38.5714
36.7596
42.0765
42.9901
35.1695
38.7097
36.3636
41.4706
39.8952
41.2833
41.4439
39.7929
38.7097
39.2308
39.3162
42.0455
40.3519
41.2879
39.233
36.1004
39.3052
42.775
38.5231
37.9438
38.2353
43.3333
37.108
46.6
41.5049
37.6068
43.1134
35.5372
39.5184
39.2982
40.379
42.369
38.4211
40.2402
33.1797
30.7895
36.4979
40.0136
41.5493
40.8824
41.0272
38.7658
39.8611
41.5755
32.5123
40.0302
