45.45
42.4658
39.2063
36.0558
45.75
38.7097
40.6154
43.65
41.2718
37.5421
39.5979
41.2562
36.2205
40.2006
40.942
39.2544
40.2706
42.1333
41.9822
32.6705
39.7321
42.426
37.3665
40.2676
38.3956
40.6829
40.1297
39.7455
36.9128
33.6207
38.986
38.8563
37.6877
42.5
36.8952
42.3395
38.9728
37.234
40.562
40.1335
39.7239
39.1104
36.63
36.6071
37.5451
41.5531
37.0445
40.1763
31.3725
38.6581
42.803
40.2174
36.2613
36.8966
35.3081
40.5
34.5622
40.9689
38.2445
43.4917
40.0273
42.2518
41.5323
39.4578
32.0513
40.597
31.3172
36.1554
41.5522
36.9501
38.245
40.7713
39.6438
40.2473
34.009
38.1229
42.6
41.9136
41.269
39.9051
38.9552
36.6259
40.5714
43.6
39.507
39.521
40.7143
42.8
42.0259
40.8616
41.2807
38.6561
40.7731
43.35
39.5485
36.5314
42.3387
37.1908
38.9222
38.8158
