42
37.3167
44.3
37.7133
39.5631
37.5912
40.8571
42.6
38.4244
41.4251
38.2456
39.8413
42.0343
38.6707
44.35
36.901
39.5161
39.2463
39.5184
33.2547
38.9205
40.1316
39.1931
38.2653
41.087
35.3556
42.1268
42.4691
45.4
40.146
38.5455
43.7
36.8421
40.625
39.0867
39.1406
41.7249
43.6
43
40.8708
39.1221
40.8742
42.8715
38.3162
39.9324
33.1551
34.4221
36.3014
37.7389
36.0507
37.5
37.7517
35.251
41.3415
38.0062
40.566
39.8417
41.0256
38.7069
37.7256
39.3372
36.0595
43.9
42.8125
41.4044
40.6332
38.1119
43.2609
39.0093
42.0732
40.2256
37.9257
35.9962
42.6087
38.0564
40
42.1971
33.7719
34.5291
43.9583
41.4975
40.8854
39.4172
41.3922
40.8708
33.5859
38.8158
38.162
38.7006
43.3921
36.5979
38.0117
42.8879
40.8665
34.6
38.7784
39.7101
36.3636
33.6283
41.6427
