42.1
40.1
40.1
37.7
39.2
38.3
40.3
40.3
41.85
39.8
39.15
40.85
41.35
38.35
40.2
36.05
38.75
40.5
39.5
39.05
38.5
38.25
40.7
40
41.5
39.1
42.35
39.35
44.4
41.85
39.7
38
43.9
41.8
37.55
41
39.8
41.4
43.6
39.5
43
43.2
38.7
41.95
43.25
44.7
42.7
39.3
39.85
36.7
39.9
41.5
37.4
41.45
40.9
43.85
39.75
43.95
43.85
36.35
40.9
41.3
40.2
41.2
40.2
40.7
40.2
39.4
39.6
44.6
42.7
40.25
42.25
38.7
41.5
41.9
41.8
41.05
42.4
39.3
39.1
40.2
37.2
39.8
38
43.3
40.4
37.9
38.3
40.2
41.8
44
43.4
42.65
41.6
43.2
38.3
44
39.9
42.7
41
43.45
38.7
37.9
45.6
37.85
38.9
40.9
37.5
41.1
41.1
40
40.8
39.2
39.8
40.3
37.55
42.8
42.4
42.6
40.55
37.5
42.9
34.75
39.1
40.2
37.85
38.6
39.8
40.95
39.6
36.95
40.7
37.1
39.8
38.3
42.35
38.9
41.3
43.45
40.1
41
43.15
41.5
39.5
40
46.1
41
41.45
40.9
