42.6
40.6
40.9
38.55
42
41.25
38.5
41.9
42.2
41.4
42.3
42.45
38.25
39.9
39.95
40.75
44
43.6
40.7
38.3
37
39.3
40.8
42.25
38.3
39.9
41.55
43.55
42
40.05
38.45
39.375
38.7
42.7
42.3
39.35
41.1
41.5
44.7
37.6
37.6
40.75
41.3
41.45
37.3
39.25
41.8
41.9
39
42.2
42.2
41.15
45.5
39.3
37.6
39
39.6
38
43.2
39.9
40.7
36
38.2
42.4
41
39.85
40.25
34.35
39.55
42.7
38.7
41.2
39.35
35
38.8
40.55
42.2
41.55
42
42.05
34.2
39.9
39.4
40.5
42.85
40.1
45.6
39.65
41.725
38.35
38.95
41
42.6
39.3
39.1
42.2
40.7
39.1
41.7
39.6
39.5
43.7
41.6
44.3
44.3
41.7
40.2
35.45
37.3
39.5
40.15
40.9
44.9
39
45.65
43.6
41.3
41.1
43.5
39.1
41.8
42
40
39.8
35.4
42
38.8
40.8
45.1
40.2
35.3
42.25
41.6
37.9
39.5
38.85
45.6
43.05
39.1
40.1
37.8
37.2
42.7
38.7
41.4
43.2
38.8
40.75
41.1
36.05
43.25
40.1
41.5
39.9
38.7
36.2
38.2
40.4
41.5
44
40.4
34.1
42.1
41.8
40.1
41.7
38.2
39.5
41.95
43.1
42.5
38.35
41
36.7
38.7
37.1
43.75
37.9
39.95
39.6
44.8
42.4
45
39.4
39.2
41.6
39.4
41
38.4
38.15
40.4
40.9
43.4
42.9
42.3
40.2
40.6
39.3
44
38.45
42.5
