41.2
38.15
41.6
38.1
42.1
38.4
38.5
37.1
38.75
41.4
41.4
39.8
37.45
37.75
42.6
41
40.3
41.85
40.7
45.4
41.45
41.85
36.9
35.75
38.25
39.35
36.9
37.75
35.4
41.4
41.25
39.1
39.7
40
44.75
40.5
42.2
39.4
40.7
39.3
42.05
42.5
36.9
37.8
39.1
39.2
45.5
38.3
39.2
38.35
41.75
40.35
41.1
40.1
40.8
39.9
39.3
41.6
36.55
38.45
36.05
41.75
41.3
39.3
40.3
39.75
40.9
42.6
38.9
39.7
40.8
40.5
42.6
36.8
38.75
38.8
41.35
38.05
41
38.7
44.5
36.2
36.7
44.7
39
38.4
39.3
42.2
42.05
35.9
41.5
37.65
43.4
38.95
40.7
42.3
40.4
36.6
41.1
41.4
39.7
40.2
38.85
37.6
41.4
38.2
38.1
36.45
39.2
35.7
41.1
41.3
39.2
38.65
42.2
40.1
41.5
43.1
43.35
37.8
39.4
41.35
43
39.05
41.9
39.4
41.7
41.8
41.9
40
39.7
40.5
43.8
42.25
40.8
42.4
37.6
37.8
39.1
37.55
40.9
35.3
39.2
39
37.8
36.6
46.6
37.6
37.35
39.85
