35.8006
35.9804
40.4192
40.4212
37.2659
39.2739
44.8
37.276
40.2439
32.7225
38.5714
40.7348
36.8821
39.0769
41.924
35.3414
38.0623
35.4271
38.7681
42.0091
39.6707
38.9262
41.8342
33.2461
40.0545
39.1599
41.9283
40.8422
35.0242
42.069
42.3983
42.05
42.8875
43.8421
36.4719
36.1913
41.3098
41.5
43.4
38.7821
36.3475
39.693
38.6612
39.6226
36.0759
39.538
40.5405
41.1692
44.1
42.8721
36.6221
44.5361
40.1316
40.8616
39.375
38
40.027
39.5963
41.4894
40.9903
38.0609
44.1
35.6695
43.5
33.9901
38.3898
38.4291
40.4545
37.6364
39.5225
39.3322
43.1
39.6382
39.0988
39.5015
41.5899
38.8235
43.4552
41.21
31.7365
37.1698
39.6628
41.2129
40.7229
33.7945
38.3013
42.3937
38.1107
45
43.3
40.0517
41.7526
38.3178
35.6828
40.4696
44.05
37.585
36.2782
36.4312
43.2648
