38.45
37.475
40.875
42.15
39.6
42.175
37.95
39.5
44.4
38.4
38.575
38.95
40.675
38.575
40.825
39.5
39.875
40.525
41.625
39.05
39
39.9
40.025
40.25
41.525
38.85
39.9
40.55
37.175
42.85
39.15
38.075
38
40.225
41.3
40.95
42.25
43.275
39.575
37.775
43.05
41.575
39.075
39.35
40.3
37.725
41.05
41.875
40.35
40.475
37.9
39.525
41.65
42.05
41.325
40.6
40.475
39.65
38.5
40.325
38.825
38.8
39.35
39.5
37.95
40.375
42.3
38.5
40.675
43.55
38.55
37.75
39.525
39.9
43.3
38.425
40.375
36.25
40.525
42.25
41.65
42.05
40.6
42.4
40.65
36.05
40.375
40.2
39.3
41.55
42.425
40.65
42.95
38.75
41.95
41.3
40.825
42.6
38.1
38.125
