37.975
41.425
40.225
38.7
39.5
38.325
37.75
40.325
39.375
39.525
41.5
43.3
41.625
39.15
40.05
40.9
42.025
41.625
39
40.675
40.65
40.325
41.6
42.625
42.975
38.25
41.6
40.725
38.925
40.375
40.7
41.45
38.9
39.85
40.7
40.1
40.95
40.8
41.65
39.275
39.125
42.925
42.575
40.45
39.925
42.65
40
41.175
42.75
40.975
41
37.95
39.525
41.5
42.225
41.3
40.5
40.95
40.675
38.125
41.9
43.125
40.5562
39.975
37.95
39.95
40.625
40.85
41.5
40.05
40.95
44.075
40.95
38.3
40.675
39.3
40.3
39.1
41.725
40.45
39.875
41.35
40.3
38.675
39.55
40.45
43.6
37.85
40.55
41
39.5
42.775
38.9
39.65
38.55
39.45
40.725
40.5
41.05
38.75
