39.6594
39.6916
37.2881
39.7109
37.9538
37.5
37.7676
42.6407
41.0256
38.125
38.3387
39.0476
39.3293
43
41.7169
41.8831
42.4405
41.9
42.2921
36.3636
44.5
40.8353
38.5452
40.8402
38.3333
43.1
44.25
44.1
43.2
40.4079
43.0464
34.6386
41.2356
41.9471
39.0625
33.5025
41.9903
39.011
40.5882
37.0242
37.9725
35.4077
38.0757
40.3846
40.9392
34.1584
42.7957
45.6
40.8451
40.0888
40.5512
36.5957
40.0069
41.8824
32
39.3895
42.1717
41.2
37.1473
36.8794
42.2316
41.7308
40.6716
41.276
45.6
41.1569
38.8218
41.6667
38.0252
42.6471
40.0401
41.4062
39.1768
39.7222
41.4756
42.1712
40.0804
41.8329
39.3557
42.2633
38.3446
40.5775
38.1029
41.3699
44.0329
38.6986
39.4578
38.2768
38.4259
36.803
36.1624
39.4965
43.2
38.8889
40.843
40.4645
35.7708
45.1
43.3884
37.3112
