39.85
38.825
39.675
40.7
40.45
40.025
43.55
39.8625
36.85
38.7
41.8
40.975
41.175
42.075
40.425
41.1
40.2
39.65
40.1
41.575
39.85
41.375
43.025
37.775
40.3
39.55
41.275
39.625
37.275
42.25
39.35
39.825
36.7
42.35
41.8
39.775
39.2
41.15
41.875
40.8
42
40.225
40.3
41.4
39.35
41.5
41.2
37.25
40.4
41.6
40.3
43.125
40
40.525
42.45
40.25
40.2
40.825
40.7
41.525
44.05
41.8
42.775
40.8625
43.3
39.85
39.975
39.825
42.35
39.35
42.075
38.275
40.9
39.05
40.15
38.05
43.65
40.3
39.7
38.6
38.925
42.65
38.125
42.625
42.075
39.575
39.725
40.1
41.15
44.25
37.75
40.25
40.525
40.6
39.5
40.75
42.1625
40
40.675
39.7
