40.625
41.85
41.475
41.225
39.5
41.05
39.1
39.7375
41.05
40.65
41.2
39.725
40.475
40.4
42.125
39.5
41.675
38.1
41.075
43.15
40.9
39.875
40.575
40
38.9
39.65
43.05
39.95
42.05
40.325
40.05
42.25
38.225
40.325
40.825
37.775
40.2
40.8
38.4
39.2
41
41
42.7
39.35
39.225
42.45
40.75
41.125
39.425
40.675
41.65
43
41.85
40.9
39.3
41.5
38.675
41.6625
39.1
43.775
38.7
36.85
39.975
41.7
42.525
40.95
38.95
41.7
40.55
41.3
39.475
43.4
41.75
39.5
42.025
42.35
40.1
39.15
38.7
40.25
40.775
40.4
40.525
41.025
40.2
42.1
41.45
37.975
41.6
42.55
40.975
42.35
40.6
40.725
38.8
42.75
40
38.825
39.1
38.275
