36.3636
31.117
33.642
40.9091
40.2367
40.9931
41.9048
42.102
34.0517
40.2381
42.5127
42.2199
38.7931
38.3858
42.3165
40.771
41.9474
40.6798
44.2
43.05
40.3935
37.3106
35.8369
42.4171
38.871
41.5459
42.5806
32.199
39.196
39.0909
35.4772
40.528
38.9167
41.3223
39.7346
34.6154
37.5
39.7416
35.5019
42.0886
39.1641
40.9722
38.8013
41.0448
36.4912
36.5854
34.8425
37.5
41.61
40.6707
36.1446
39.2958
35.9127
32.8704
43.9
40.4834
41.8527
38.6986
41.181
43.05
38.1162
36.2928
40.027
37.7076
43.75
41.4508
38.5174
39.7243
44.0644
40
39.5833
40.1055
40.5759
36.7893
35.0622
40.7862
41.7601
42.4485
42.15
39.7222
35.195
41.1429
39.185
38.0282
39.9457
37.9032
39.9068
43.1
36.3821
39.2256
38.8804
40.2457
41.9169
41.6667
36.9966
38.5522
41.4062
41.0027
41.7874
39.8204
36.0887
37.8689
42.6087
36.6667
43.1911
40.2887
40.1899
37.3092
40.457
39.9148
41.75
38.9213
38.5965
35.8
43.1
38.1323
43.075
39.6226
39.7019
41.8689
42.4
41.2252
35.687
40.9877
38.1533
40.9621
39.2647
41.0714
42
39.4459
39.0819
39.9871
41.0354
38.3281
45.15
37.5833
42.6097
36.1111
35.8407
40.2995
41.2281
41.3232
36.9732
39.9767
43.1
37.931
38.8235
44.35
38.0769
35.5319
38.3621
37.4016
42.0385
45.2
44.2
43.35
40.2089
41.1272
38.9333
41.5148
38.5449
43.2
39.4654
38.8535
36.8659
39.8374
33.8942
43.6
38.746
44.85
44.45
40.0524
36.6776
42.069
43.15
34.8708
37.4101
40.7059
41.0579
41.0976
41.41
37.3636
32.8571
42.2756
39.4737
41.8736
43.1
43.0716
40.3792
41.958
40.1852
38.0192
40.9898
37.8661
43.1393
41.342
41.4758
38.7417
37.2054
35.0775
36.6242
36.7384
35.7438
41.6667
41.6279
28.9744
36.3
41.95
41.8
40.4
39.55
39.2
38.1
34.9
37.95
41.5
40.45
42.45
43.2
38.6
40.5
35.75
37
39.1
34.75
37.8
40.75
39.3
39.7
40.2
37.9
41.3
41.4
40.6
41.75
39.35
36.65
37
39.95
39.5
38.4
43.25
35.25
40.8
39.75
39.6
38.8
39.8
40.7
39.95
36.7
38.95
42.85
38.7
41.8
40.05
40.85
40.1
39.5
37.55
37.5
38.85
40.9
39.25
41.55
38.4
39
40
42.6
37.2
43
43.4
39.2
40.75
45.6
38.6
40.9
40.05
38.3
40.8
41.5
40.75
39.6
37
45.25
41
40.7
39.9
38.6
39.7
38.8
40.9
42
37.9
43.7
38.3
40.3
38.35
36.7
44.3
38.6
40.6
38.7
38.3
38.1
41.9
38.6
40.2
40.95
42.55
39.7
40
38.8
39.15
43
37
38.45
43.85
43.2
42.4
42.65
36.5
40.1
40.2
40.85
38.5
38.3
44.6
40
42.05
39
41
41.4
38.2
41
36.5
39.5
40.1
34.6
45.4
40.1
44.5
39.1
42.8
41.9
41.1
39.6
39.8
41.7
41.5
40.1
40.7
45.1
39.35
38.8
42.3
39.2
36.7
37.9
39.4
36.55
42.8
45.1
40.7
41
41.2
41
40
38.6
40.3
40
39.7
39.4
41.2
40.85
41
39.95
39.75
39.7
43.85
41.15
41.1
40.5
36.9
42.9
40.3
41.95
40.4
40.3
42.3
38.45
36.4
44.9
37.3
41.35
39.4
40.1
43.2
40.1
40.25
40
43.65
40.1
43.1
37.9
39.5
38.65
41.85
41.3
36.05
42.6
42.45
41.4
37.3
39.5
42.4
39.35
37.7
42.9
39.7
37.3
39.5
42.05
37.8
39.5
38.1
44.3
41.3
44.2
37.05
38.75
40.6
40
38.85
42.6
42.5
44.2
