18050
20050
19250
15750
19550
17400
18100
15100
18000
18300
16300
16450
17100
18150
16250
18200
17450
20500
18250
15850
14000
18350
16950
14100
17100
15950
15800
13600
17700
16450
21900
18650
14500
15150
18450
15500
16450
14500
17950
24750
21100
17900
17500
18950
19600
18100
18600
16750
13500
16050
14850
18750
17400
10900
14800
19600
18850
15050
19250
16700
21250
18050
18200
16500
14900
14400
15450
16800
15500
16700
14350
17950
20300
18300
13550
17300
16350
16950
13600
15400
21300
17050
18300
15500
16650
13900
20150
16500
18350
21100
19550
15500
14050
17600
14100
17950
14800
19100
16800
13000
