10762
10367
10787
10677
10780
10565
10552
10645
10850
10695
10630
10585
10387
10610
10655
10602
10685
10545
10710
10690
10540
10832
10720
10642
10595
10810
10592
10580
10792
10685
10695
10557
10592
10807
10525
10467
10732
10672
10657
10645
10585
10565
10607
10677
10695
10545
10922
10777
10697
10537
10677
10495
10640
10505
10372
10677
10535
10732
10587
10680
10722
10455
10515
10865
10655
10675
10697
10810
10592
10405
10507
10677
10452
10820
10455
10612
10760
10485
10662
10590
10580
10507
10785
10792
10580
10517
10425
10527
10620
10817
10622
10670
10442
10605
10712
10652
10470
10547
10562
10737
