17075
17575
14800
16225
16125
17350
15975
17125
15225
19350
15825
14450
16475
13600
16575
16975
16275
17425
16625
15725
13900
16850
16875
15550
16750
15650
15350
15175
17550
14250
17100
17300
17625
17775
17875
17525
15950
18125
15050
16900
16300
16500
17900
17100
17750
16025
16300
16625
18625
17100
14825
17175
15550
18700
14650
17400
15300
18550
16375
15225
19325
16850
15425
16125
13825
15675
15875
13575
16475
17525
13325
17050
14325
16800
17000
17125
15700
17725
13100
15150
16900
16800
16600
13500
16675
15375
15250
16125
15375
15025
18700
16675
14625
14550
15225
17025
16200
15275
15125
17000
