14200
19250
18650
19600
19950
18950
15350
12850
19900
13600
18600
17750
15650
18850
19800
16300
16850
18450
16050
17050
16800
15800
13950
15750
19900
18900
17000
16800
15700
15200
16400
16600
15550
16500
17000
18800
17800
17700
13800
16200
14050
8500
14750
14550
17300
14100
15550
16850
15500
19000
19150
18700
17350
16150
19750
15750
16500
19000
21350
16950
19850
17950
18150
12450
18900
14550
19500
18250
14200
19550
15650
16850
18400
17200
18850
15150
16800
16950
18350
12350
17550
13550
14950
14500
14700
19450
17350
20300
20300
13650
18000
13700
13200
14850
17600
16450
16250
16950
16950
16150
