9562
9267
9357
9117
9190
9295
9292
9307
9307
9230
9247
9370
9400
9190
9290
9082
9165
9380
9207
9060
9205
9175
9330
9365
9485
9215
9475
9240
9502
9535
9330
9100
9555
9485
9112
9332
9270
9432
9615
9297
9510
9395
9215
9480
9575
9532
9522
9227
9310
9115
9290
9427
9140
9425
9302
9602
9315
9582
9607
9112
9365
9372
9300
9317
9367
9322
9405
9185
9175
9720
9500
9262
9340
9310
9352
9450
9435
9402
9412
9237
9227
9305
9117
9292
9142
9517
9367
9227
9150
9207
9407
9552
9437
9482
9335
9550
9132
9540
9202
9480
9445
9420
9282
9177
9585
9145
9235
9245
8997
9347
9415
9355
9282
9287
9305
9332
8987
9602
9400
9347
9247
9067
9385
8905
9225
9317
9147
9192
9345
9382
9302
9080
9300
9152
9190
9240
9372
9257
9440
9525
9340
9377
9477
9400
9302
9342
9670
9377
9432
9347
