22300
19400
25300
27850
22250
20050
16100
24000
23450
21700
22650
20850
22300
23450
24200
17700
23100
22600
23350
22000
24600
21250
26700
22950
25550
17900
22300
22100
21550
23900
23450
21200
22050
23350
25800
22000
22400
28800
20500
19050
22500
21650
25900
25400
24100
23450
20750
20400
24450
19150
24600
25650
22300
22900
20450
25600
23100
24850
23400
24100
24350
20950
22100
19800
28300
16600
22950
24050
21600
24300
24650
21700
22850
22400
23450
21450
25250
24400
23450
23050
25900
18300
22950
21900
23350
23300
23350
21750
21500
22800
17050
24650
22500
28150
27300
22500
23150
20000
20600
24000
