26800
23150
20900
17550
23200
22700
26050
19950
24050
25550
22400
25200
24850
21650
23250
26000
20250
22100
26450
21000
26750
20750
21950
25150
22250
23450
24050
20950
28750
23450
22450
22250
28250
26600
20700
20900
26700
29600
20900
26850
20850
24850
22250
22850
18900
20100
21150
24100
21550
24500
23150
26500
20900
22550
20450
27900
23550
22500
25050
23450
24700
28950
20750
20050
28250
22900
23450
21350
24650
23500
24550
25550
22050
24150
20600
23750
21500
25900
17800
23600
25550
23550
21800
27150
26200
25950
23500
18950
27650
23300
23300
20950
25300
29050
19250
20750
23050
24400
24900
26350
27100
21700
