26300
24400
22250
24450
20050
26100
23550
25250
22700
20500
21450
20500
21800
20800
24650
21600
25250
26950
19200
21700
19700
26000
21000
22000
24100
26000
25000
28850
22800
22700
22700
24650
20550
26150
25150
19450
19950
21050
20700
20150
20950
22450
20750
22150
21900
24800
22950
21700
24400
19850
20950
16550
26450
18700
23850
24950
22800
23550
22950
23850
30000
21150
20700
23850
21250
20600
23600
23950
24050
25750
23500
25300
25600
19050
21600
23900
21850
21450
21850
22550
22000
22350
19900
21000
25650
25100
26400
26100
25450
21600
24250
23300
20250
23250
23800
24050
21400
23250
21700
21100
