21950
19600
22650
21200
22750
20350
22300
21750
26200
23800
21100
22000
23400
19350
25050
24300
23600
24450
26100
21700
22900
18250
20800
21300
22000
23100
23300
21150
24650
23900
21800
28500
17450
21650
20450
22350
19200
22400
17500
19300
22500
21550
23400
21000
25000
23750
26050
25600
23650
26600
21250
25150
19600
24650
18700
26100
19700
24650
23250
21450
20750
22850
19750
23850
22800
22600
22900
23600
20150
22650
25400
17350
24600
26500
23650
25500
23150
20150
24050
23950
22550
21850
21850
20350
22950
20500
20500
22750
22350
25250
23850
19700
19250
27200
22800
22000
21900
21550
21200
20300
