15250
17700
15250
16500
14650
18450
14750
18300
18300
16750
12450
17100
17050
15150
16050
17200
22100
15050
17650
18650
11800
13100
23550
18400
12200
11100
20700
16100
15750
18100
18550
18700
20250
11300
16850
15350
18050
19850
19700
15300
16900
16700
18750
17850
15400
17000
18200
21950
21000
16750
14050
16400
19100
16400
19750
16750
17600
15200
15550
17750
21350
18350
16250
13000
10950
18000
16850
19550
21950
17800
18250
18500
18400
20600
15800
19650
14200
20000
20050
18000
17150
17900
18650
16850
13700
20650
18250
16250
17500
17200
19300
17050
10250
19000
16000
15150
11250
14650
17850
15900
