18500
21200
19950
16200
14050
13650
16400
16500
11450
16100
21000
19650
19650
15350
17950
19350
15350
14900
15500
19100
20950
15750
18050
17850
15900
16100
16200
17900
16450
19050
15500
18050
16550
14350
12650
16650
18200
17000
16850
13700
15400
14500
18450
18400
18500
17450
15900
16750
16550
18750
19250
18950
14150
14350
21050
16900
18800
14250
17450
16450
17550
12800
18950
18050
19500
15300
18650
20650
14150
18600
15550
16650
13850
18000
17850
17800
15150
16500
19800
16000
15300
12600
19500
14850
17350
17000
17750
12550
19850
20850
15650
17450
17300
19150
14300
12450
14500
16350
15350
17700
