16750
13850
15100
17800
18750
15900
15550
19450
14150
14350
11750
18400
16750
19600
16900
17050
17000
13450
23300
17950
15000
17050
19100
13800
14550
11450
18900
16000
13250
19700
15800
19350
12550
14050
16700
15900
16000
13000
16900
17300
20550
19400
19050
20350
19150
17400
13950
15800
17350
15800
17600
14650
17100
19150
16600
18100
16550
15800
18950
14900
19000
17950
17200
13800
20300
16400
15850
18100
15850
17750
17750
18850
17550
15800
15700
18700
16300
15300
20900
18700
13150
16450
13850
15800
19700
16450
17900
15000
14200
14800
13800
18450
15850
19300
15900
12400
22900
13950
15350
20150
