58
61.1
60.675
59.875
62.0875
59.975
60
62.55
63.75
61.05
60.35
57.1
61.6
58.75
59.875
58.6
58.975
58.2
60.95
62.275
64.2
60.675
61.95
60.45
59.1
58.825
62.2
58.15
60.1
61.95
61.95
55.875
56.05
61.925
60.3
59.55
58.825
61.525
57.8625
59.825
60.225
58.1
61.5
58.325
61.6
59.225
60.7
63.1
59.425
62.25
61.8
59.2
58.15
61.6
62.625
59.475
60.2
61.9875
61.025
60.15
61.65
61.85
60.55
58.525
59.8125
62.525
61.95
60.55
57.95
59.35
60.4
59.4
61.1875
59.25
60.6
59.925
63.25
61.1
58.75
60.55
61.2
56.5375
64.525
61.3
61.975
58.4
61.175
59.25
57.4
61.525
59.4875
61
59.575
58.275
62.1
61.275
58.3
59.3
59
60.15
