62.875
60.7
59.05
62.8
58.4
60.95
61.8375
60.775
63.375
58.875
60.625
60.95
59.05
60.65
61.575
61.725
61.25
62.225
59.9
57.75
60.65
60.4
62.2
62.35
60.95
60.325
60.5
61.125
61.875
60.475
62.65
59.6
59.825
58.4
62.65
58.25
62.925
58.9
58.725
59.025
61.275
59
58.65
61.875
60.8
61.7
61.425
60.825
61.1
60.55
58.625
62.45
62.125
59.7
61.85
60.1
59.625
60
60.375
55.175
59.75
60.525
59.05
59.9
60.125
61.675
59.675
60.375
60.3
61.65
57.675
61.725
59.375
61.8
60.625
59.875
61.95
62.55
60.975
60.525
58.1
58.475
61.075
59.425
59.825
61.275
60
61.35
58.95
60.075
59.975
60.75
61.975
60.575
59.65
59.575
60.125
59.25
62.825
60.8
