61.0375
61.65
61.025
59.625
61.175
59.05
61.55
59.5
63.225
58.625
62.6
61.5
60.95
58.125
58.5
60.025
60.3
59.475
60.1
59.6
59.1125
59.075
60.425
59.4
59.875
60.0375
61.65
61.75
59.275
60.8
58.325
61.1
60.9
59.45
61.75
61.1
61.35
59.625
60.5
58.2
60.7625
59.3125
59.375
58.7
59.275
57.8875
58.45
59.025
61.025
61.5
60.8
62.775
61
55.7
61.5625
60.425
61.775
60.8
59.575
59.175
60.45
59.175
57.5
61.65
61.1
60.425
57.4125
58.925
61.525
59.3
60.725
61.85
56.875
61
61.375
60
58.3
62.675
61.75
59.7
60.275
59.1875
59.625
60.1375
58.825
58.475
57.475
59.125
59.425
61.2875
59.825
61.45
60.15
61.9
61.15
60.625
63.225
59.075
60.075
59.975
62.1
60.875
60.875
60.375
58.375
58.7
