59.175
56.675
61.825
60.95
58.3375
61.175
59.725
60.25
61.475
61.3875
58.725
59.35
59.55
59.25
60.425
60.225
61.3
59.35
59.175
59.45
59.15
61.2
58.85
57.9
60.1
58.35
60.975
60.2
61.35
59.7
59.1
60.825
59.125
61.125
60.325
61.7
59.75
58.925
59.675
58.9
60.6
57.675
59.15
60.875
59.875
61.275
61.3
62.475
60.125
59.7
59.575
57.9
61.7
59.5
62.55
58.025
59.6
60.75
60.65
61.625
61.675
60.8
60.65
62.025
60.6
60.625
59.55
57.45
61.05
62.45
61.475
60.45
62.3
61.35
61.5
60.475
60.925
62.55
61.225
60.125
61.0375
59.9875
59.5
59.5
60.9
63.075
61.375
59.9
59.6125
59.55
60.675
59.675
62.75
58.2
60.4
61.55
63.125
57.4
63
60.3
