60.7
59.875
60.175
59.625
62.15
58.925
60.525
59.625
62.525
60.375
60.25
58.95
61.7
63.6625
62.15
59.625
58.85
60.95
60.4
58.725
58.825
61.45
60.7
57.675
60.3625
61.725
61.7
62.45
61.75
61.55
60.95
60
59.675
62.575
61.55
60.4125
60.65
60.6
59.25
60.75
59.625
61.775
59.475
59.75
60.8
59.925
62.15
60.15
58.75
61.475
58
60.375
57.8
61.125
59.425
60.525
57.15
60
61.525
60.125
61.3
64.0875
59.575
59.15
56.975
60.525
58.4
60.7625
57.475
62.375
61.825
61.875
62.025
60.45
56.875
61.075
61.025
58.725
60.375
59.725
61.525
62.9875
60.1
62.8875
60.025
60.2
59.725
59.8
64.55
58.95
59.525
60.4125
59.7125
58.6
62.125
61.725
60.85
59.15
58.1
60.825
60.675
63.325
60.825
59.425
59.45
60.2375
