58.6
57.65
58.7
58.15
58
55.1
59.5
56.9
55.9
61.45
58.6
58.55
58.15
58.7
55.1
56.1
57.1
55.8
57.15
58.2
54.2
59
59.6
57.8
59.5
56.65
57.6
56.7
59.1
57.4
59.9
55.55
57.55
56.05
60.6
59.5
58.75
58.9
56.4
59.7
56.3
56.1
61.7
58.2
54.9
60.8
57.2
58.55
60.1
56.9
58.1
58.9
60.1
57.4
59.1
57.15
54.4
61.9
55.1
60.1
59
60.75
58.2
57.7
59.1
55.9
57.2
55.85
61.9
54.9
55.4
60.5
55.6
55.3
56.9
54.45
59.4
54.4
57.7
60.9
59.95
57.525
58.9
57.3
58.25
60
56.8
60.4
59.15
60.8
59.6
61.6
56.65
56.4
57
59.75
58.45
60.4
53.2
60.3
