41.775
38.7
38.325
39.3
41.375
41.65
42.325
41.45
42.675
40.35
40.95
40.775
40.9
40.95
38.95
40.075
41.875
39.4
39.95
40.675
42.2
40.025
40.325
38.825
40.8
41
42.5
43.425
42.775
39.1
37.625
37.475
38.3
38.65
41.3
41.8
41.8
39.8
37.45
43.8
43.275
40.25
41.775
41.225
39.35
39.9
41.8
41.675
40.45
41.05
41.4
40.3
39.1
40.9
40.7
40.4
38.6
42.85
42.075
40.625
41.25
38.225
37.65
40.95
42.475
42.35
41.225
39.125
42.825
41.125
41.8
40.075
40.675
41.15
37.5
39.65
41
39.75
38.15
36.75
39.5
39.875
38.925
38.1
41.15
40.75
42.9
38.475
39.5
38.7
40.7
40.625
44.925
39.55
39.9
41.5
41.75
40.15
42.075
39.4
39.875
40.95
40.375
40.7
41.975
39.725
