41.55
39.2919
40.85
41.4875
41.825
39.8515
40.7875
37.2174
42.2
40.675
41.05
43.325
38.6052
41.1875
40.6786
40.3386
40.3023
39.3863
37.8896
40.7281
41.175
40.3086
40.2284
40.0257
39.8904
39.987
42.3875
38.8697
40.1776
40.0789
39.2551
39.3433
39.9508
41.2188
38.7863
39.0466
40.7932
39.3207
41
39.1346
40.7882
40.95
39.9973
39.9701
40.7692
41.775
40.0829
40.9299
41.725
40.5003
41.225
41.825
39.5894
40.7541
41.05
40.7928
39.2554
39.2658
42.0125
40.4482
39.7358
39.6992
38.7548
43.0875
39.598
40.5107
40.9
42.475
40.326
39.6756
40.5378
39.7727
40.6876
41.125
40.0265
39.6893
40.4906
40.8625
40.875
39.1945
40.1733
39.857
40.5489
41.3
41.8
40.2084
40.3448
40.0107
41.159
38.3856
41.375
40.2094
42.6125
39.5885
41.2571
39.5973
41.132
39.5701
39.9517
40.2346
