37.3
41.2
40.025
38.45
43.55
42.25
39.5
40.2
38.675
40.625
39.65
40.775
38.8
40.05
38.6
39.075
39.0063
42.8
38.05
39.825
39.35
39.625
38.6
39.775
42.15
43.075
42.175
39.075
41.45
41.05
40.1
37.825
38.225
39.25
42.625
39.3
39.35
39.825
39.675
38.5
41.8
39.15
41.35
41.375
39.05
41.35
39.35
39.0125
36.05
41.6
38.65
38.25
38.9
42.3
39.3
38.4
38.525
36.925
38.8
39.1
38.85
41
38.15
41.2
37.4
41.8
39
41.15
36.7
39.275
36.55
40.125
40.1
39.4
36.7
39.6
36.525
40.725
39.95
39.6
40.1
40.7
40.85
39.3
39.85
41.15
41.075
41.15
38.15
37.125
40.575
38.8
39
40
39.65
40.5
42.425
41
40.25
40.1
41.9
39.25
40.3
39.95
40.8
38.7
