38.875
42.35
37.8
36.8
43.45
38.85
41.45
37.075
38.975
38.85
40.025
40.275
38.65
37.65
40.15
42.35
41
39.975
38.275
40.375
39.55
41
41.175
41.55
39.35
40.175
41.05
38.125
38.75
41.4
38.3
39.8
40.7
41.025
40.775
40.6
41.55
43.95
38.35
38.625
39.125
38.625
39.85
37.35
41.15
38.25
40.45
41.1
39.45
41.125
39.175
41.125
39.6
43.45
40.975
41.65
38.5
38.9
43.225
42.5
38.475
37.65
39.6
40.75
38.725
36.9
42.225
39.35
40.5
38.975
39.75
40.45
38.925
40
39.975
38.1
40.975
37.1
42.45
41.9
38.475
39.525
39.5
40.2
41.775
41.625
41.5
39.8
39.95
41.85
42.85
37.175
42.15
42.2
42.1
39.5
41.35
42.7125
38.125
39.25
