43.425
42.3
39.9
41.8
39.275
38.4
41.75
40.05
40.8
38.45
39.9375
40.4
41.85
44.425
39.85
42.5
39.375
41.45
39.25
40.75
37.55
40.3
39.45
39.275
39.85
39.975
41.85
41.1
41.8
39.5
40.55
39.7
40
41.75
40.8
41.75
39.6
36.6
40.5
39.05
37.55
40.2
40.45
40.175
40.3
37.825
40.85
41.875
41.2
40.5
39.7
42
39.575
39.825
39.75
40.225
38.8
40
41.75
40.35
40.6
42.425
41.8
39.875
40.9
38.925
39.975
43.375
42.425
42.275
39.3
41.5
38.175
40.8
40.8
40.675
42.625
40.5
41.35
38.325
40.4
40.175
42.25
43.35
39.375
40.35
41.95
41.15
41.9
39.75
36.625
39.9
41.6
38.75
42.675
38.725
38.55
43.8
39.35
39.15
