41.75
40.35
41.05
38.625
39.825
42.125
40.45
40.675
40.3
40.125
39.8
38.85
42.65
41.2
42.5
40.8
38.8
38.675
40.925
40.8
39.7
40.3625
41.65
41.1
41.475
40.05
40.925
41.975
38.65
37.15
38.2
37.5
41.25
40.8
42.9
41.625
39.675
40.6
38.325
39.6
38.75
39.55
40.0875
41.35
37.925
40.3
39.475
37.55
38.175
41.75
37.975
40.7125
39.45
43.725
37.175
39.475
39.75
38.675
39.875
43.45
39.45
38.6
39.15
39.875
41.275
42.65
39.1
42.7
41.025
38.125
40.05
37.45
37.575
39.45
38.825
43
42.55
37.325
40.2
41.75
40.8
38.05
40.35
40.35
37.25
38.675
42
39.125
40.4
40.95
37.925
41.35
42.25
39.775
39.4
40.725
40.2
41.85
40.55
41
