76400
80900
75100
75500
79300
71500
69700
84500
80600
76900
75700
79200
79000
77100
79100
79400
83400
80000
78300
80200
78100
80300
77500
77800
82700
75000
72100
78000
71200
81600
71600
77000
82100
80100
83700
79000
79800
81100
80200
71100
78300
75200
85400
80300
77800
80000
79400
83500
85700
80700
81100
77700
74500
80900
79500
77500
73900
80500
84300
79500
78800
74200
75400
81300
76000
71400
78600
75900
76500
74500
74900
71800
76000
74000
73300
77400
76600
68700
79300
82200
72900
79700
87900
86400
83200
71500
81700
77100
80000
77800
74100
74800
73500
82600
80600
80300
82800
83500
79600
83200
77600
76900
82700
77800
77800
72200
71500
76000
75600
80200
75800
83700
80700
86900
76500
78900
79200
81500
77400
77100
75100
81800
76000
74300
78600
74800
81300
80500
75200
75400
76300
82000
75200
80600
78400
77700
74700
83300
77200
78600
80300
76600
80600
77800
77400
81300
77700
82100
84100
82800
87000
72400
80300
83900
77200
84700
83300
81900
78700
79900
