101900
107300
110400
110300
98500
120800
109200
110400
110900
106200
103700
108800
109200
100500
107500
112700
104000
101800
106900
105300
109600
110200
119100
109600
112300
105300
111200
109400
109800
105400
106700
104500
109500
105800
96200
104200
115500
109900
108400
110800
104600
116500
107600
108200
107900
109700
111500
105300
107300
107700
107200
104600
109500
104100
106300
106600
106800
111000
108200
106400
105700
111500
104500
112500
104200
99200
90600
112800
118500
102300
108400
101300
106600
106000
111300
108100
104500
107800
107100
106000
104000
98700
104200
120100
110000
106800
109700
116900
102400
107900
111900
108400
112500
92300
106400
110700
102300
105500
110600
114000
111800
113200
110500
112200
106700
113200
118200
111600
105800
104600
116900
104500
108000
104400
106700
102200
101900
112700
107000
108600
103400
111600
111100
109000
107000
100800
111400
95900
116400
97100
111000
105500
105900
103200
