58100
58000
55400
54100
59100
58200
56800
55700
56400
58200
56100
55200
56900
59200
56000
59500
59100
55200
58200
56800
56100
56200
56500
56700
56000
56700
58000
56700
57800
57900
57800
56500
57200
55700
56500
57000
58400
55100
58900
59700
57900
55000
57900
57200
57000
60100
59000
60700
56500
57600
59500
58800
54500
59200
60700
54800
56200
56300
55700
56100
57200
58500
57900
56800
53900
57200
57400
57100
58500
56500
55300
56200
56900
57600
54500
55200
58600
56000
57900
55900
57000
57200
57800
60200
55900
58100
57100
54700
57500
61000
54400
56600
59600
54800
54300
58500
59500
60600
56300
59300
