79500
80700
81800
78400
79500
77000
82900
76200
83600
73900
84900
81200
79600
74100
76300
76400
77600
77000
78000
76900
76000
76400
77600
75600
78700
77400
83700
84400
77300
77500
74700
82200
81700
75400
81300
80200
83300
77100
78500
74200
79100
75900
76400
74000
76200
72800
74100
75500
77900
81800
79800
84500
81200
67300
80300
79000
80100
78300
78000
76200
79100
74800
74400
80100
80200
79300
73900
76400
82000
76700
80100
80000
69000
81400
82200
77400
77400
82800
81800
75900
78500
73800
76600
79000
75200
73000
71600
76300
76700
78400
75200
82800
78700
81300
81000
77900
84500
74300
78400
77100
83500
81200
82100
77900
71700
77200
