81000
81400
76600
81200
74100
84700
78100
75500
77600
78200
83100
79100
79100
84100
76800
75100
80800
78000
82000
78100
80100
71400
77100
73000
77300
77000
77100
86300
77100
76600
81500
74300
72600
72400
80800
80700
79500
77600
80900
77300
80200
77800
77400
84000
74100
76600
75300
80400
82100
78400
74400
76700
81400
74200
85800
75800
76200
78200
75500
81000
81600
75500
77500
78900
82400
81400
82000
79400
76200
80100
75300
71800
77500
72900
80800
74700
76100
75900
79700
81400
76400
79700
80500
72600
76500
73800
80100
77400
81900
76200
73500
79300
77700
73700
76400
76200
79100
74000
81300
76500
