58200
55900
58600
59800
56000
60900
56600
52600
55200
58900
54100
57700
56600
58700
57400
57900
56100
59100
55600
57300
54900
58300
57100
58900
54900
56800
57500
57500
57000
57900
58900
55800
54900
55400
57000
55600
59200
54700
54100
57400
55100
56100
58300
59900
58200
56300
58600
61400
55800
58400
59200
60600
56600
56100
61600
56000
54900
57000
60300
57700
55800
57100
58100
59000
56300
58100
62300
56800
59400
55000
57800
58700
58000
56300
59900
59000
56800
54000
58300
59000
56600
57000
55800
58800
58500
55800
56100
56800
59900
55200
58800
56400
57100
59200
55300
57900
57300
55800
60400
55600
