74800
80300
77000
76800
83600
77400
77900
83700
88600
82100
78600
71200
82700
77800
79500
75900
74900
72900
80000
83600
84600
81600
83500
79600
75800
77000
84000
73800
79800
83100
82200
68300
69600
82500
76500
76500
72400
84100
72600
78400
80200
75700
81400
75400
82000
75600
79700
84600
78500
84300
81400
75800
74500
83200
83800
79200
79200
81700
79600
78300
83000
80200
79000
72600
77800
84800
83600
77600
74400
76800
77700
77000
80700
75200
80300
77400
85100
78600
74500
80200
80200
70800
88500
80900
82700
76700
80600
77600
72600
84200
76400
80700
76600
73800
79900
82300
72800
76500
73800
79200
