21650
21050
24500
21250
22500
19600
22150
22600
23650
22150
25400
23450
22450
20200
24400
23250
25100
23150
27700
17200
22800
23850
17800
20550
22950
23800
21050
21700
24750
25500
22000
21950
20250
25200
25550
24200
24250
23500
20300
22050
21650
21000
25450
25300
24000
23900
21950
23850
24750
21700
22650
25300
24550
24400
21450
22700
23400
22100
20250
25600
24750
20550
18750
18150
20200
22400
19050
22100
22600
19600
24250
23300
20800
19250
17900
23550
22550
20650
20350
21000
20950
18850
21650
21750
22500
23350
18400
26300
26550
26000
25700
23950
24150
28000
24400
26200
26350
20900
22650
21700
24100
24600
