63000
67700
64800
63300
66000
68200
65900
65500
58600
60600
62600
66500
63100
60600
62900
65100
63800
61100
64400
62500
64900
68100
63400
64800
61900
61300
65400
65300
62900
59400
60500
65500
62000
64300
62100
68000
64400
62700
64700
62400
63200
66800
61000
64200
63100
59800
67800
60700
63800
65300
61800
65800
65300
67600
63600
65100
63600
68800
65200
67300
61000
63100
64000
66700
63300
66800
62200
62700
66800
60400
64200
66500
63800
65700
62300
64500
62600
63200
65700
63000
69400
69500
67400
67300
62500
59900
71500
64100
62100
67900
62800
64300
63700
66300
63200
63300
66500
66400
64500
64100
