105400
96400
106100
107800
106400
104500
102700
106600
111100
114800
106600
109600
103100
91100
112300
107700
106000
115100
108200
100400
119000
109800
105200
108400
105300
110300
104300
104600
107800
110000
106400
100200
111600
107800
105000
106200
109800
103800
97600
108800
108800
104700
105300
111600
99300
113200
101100
114500
121300
109000
109000
111700
107300
106400
106500
107900
109100
106400
113900
113700
104000
101500
109300
97600
98900
98700
106300
110200
112700
99400
114600
104200
100800
103300
110900
112400
105800
103600
99500
102900
108600
110500
114500
115300
108200
110000
99500
107200
107800
102200
104600
107100
110300
113600
102600
106600
104300
104500
118300
97000
105500
108300
106400
106200
101200
107900
103700
110800
102500
109000
108800
106600
111500
100300
113700
98000
106300
105000
110700
102800
115100
91300
107400
108800
106500
107900
104300
105100
109500
105100
103600
106900
100600
112600
