80700
76600
76500
76100
82900
76800
76300
78300
81600
79100
79700
75500
80800
88200
83100
76500
76100
81000
79300
76500
76600
81000
79300
72500
78100
82900
81700
84300
82700
80700
81400
77700
76900
84500
81700
79900
79400
79500
76100
79000
78700
81200
77000
78700
80600
77800
84100
80900
74500
79800
71000
76900
74100
81300
75300
78600
75000
79000
81500
78400
81400
89900
77700
76500
72300
78400
75100
81100
71500
86000
82800
83200
83300
78900
72300
79500
79100
73100
78500
77600
81400
86300
78800
84500
79300
80000
78200
77000
89600
75900
78800
78300
76600
75300
81300
82100
80000
74600
75900
82100
78100
85600
77600
75700
77500
79400
