84900
75100
79100
80000
85000
77500
75800
84400
75500
75700
77500
75700
76400
79800
79000
79300
80200
80100
83900
75400
81200
77500
79400
76000
77300
76800
75400
70700
79900
79600
73800
79900
78200
80300
82000
78800
75400
75300
83800
78800
78900
80700
78500
76200
75800
77300
74100
82500
81100
81400
78400
76600
79900
81100
74300
76300
76700
82000
91500
77200
78300
78800
81000
78000
85800
85500
78100
85600
83000
85900
76300
81500
75800
77600
84400
83000
76800
82300
81000
76300
82600
77500
71300
72100
76300
75600
88300
78500
83500
67600
79600
68500
78700
82300
77900
78400
76500
75400
68500
82100
80600
81400
83000
81000
78200
76300
79000
84500
76900
79700
79800
67600
78500
78900
81000
77500
79600
79700
73700
76500
80400
76700
80900
79100
82500
78000
78400
70200
80900
80900
75500
82800
81400
79000
79000
77400
79600
78100
80700
78300
79000
77600
82900
75700
80700
75500
78200
81900
75300
73500
76900
80500
81800
73100
83400
80800
79100
77000
81900
73900
