77200
68400
81200
80300
75600
80700
77700
79500
83700
82400
78200
77300
78000
76400
78700
77900
80100
75800
77900
78800
73300
80800
76200
74000
78800
73800
78700
79900
78700
76400
75100
82400
75500
79500
78500
81000
76700
76800
76000
76000
80600
72900
75100
81800
79600
81100
82600
84300
76200
78800
79200
73400
80700
73800
85200
74100
77200
78600
79900
84800
82700
80400
79000
84500
77700
78500
75700
72200
81000
83200
81300
78400
82400
82600
81900
81000
79000
84900
83600
77800
82100
78900
78500
77000
78800
86400
82100
77400
76200
78500
80200
76300
84400
72500
79100
82400
85900
70100
82900
77200
