85200
80100
75800
86200
70700
78100
83600
79800
86300
75900
79200
80500
77100
79500
81600
80000
79900
84400
77700
72500
79700
78400
83100
84900
80800
79400
78100
81100
82400
80400
85200
76500
75500
73400
85000
72500
83000
76100
76200
79400
82700
74400
75700
81700
79300
81300
79700
79800
82800
78400
72100
85300
82800
76000
84200
79100
76700
77000
79900
69300
76900
78900
73900
78900
80300
81800
77500
79700
78000
82700
72300
82000
77300
83500
80900
77000
82700
85100
80500
79000
72700
76100
80600
76900
77700
80700
78000
82100
74200
77400
79100
80800
84000
78700
76300
77000
79000
77300
84100
79000
