60700
59900
64000
64000
63100
63200
68300
63500
66500
67800
66500
63000
65200
68300
65800
65800
60700
64100
64200
63000
60000
64700
65500
66400
64400
64700
66900
64100
62800
68400
62700
68400
67900
67200
64300
60800
63500
67900
63800
68000
63600
65500
63100
66100
64200
63800
67500
63300
64200
63500
65800
65100
65800
62100
66900
65900
63600
65500
70200
62000
66400
61600
69300
60900
66300
62900
65600
63800
64500
62500
64200
60900
60800
60300
64200
63000
62700
63400
59500
67100
64400
60900
66200
68200
67800
66500
61100
65600
63200
67700
66600
62500
63000
62400
63800
63500
65400
67700
64200
64700
