66400
68100
68100
64700
67200
64200
74800
63900
63000
66600
67300
63500
67400
72600
65500
69200
68400
67600
65700
58600
66100
66200
67300
66700
66200
71700
70400
63900
77100
70300
69300
69400
62700
70400
67100
68100
66400
66500
68500
63200
66900
71600
64000
67000
66600
63500
62500
68300
73000
66000
70300
61600
63200
67900
64300
67500
58800
70200
65400
69300
67900
67400
67400
66400
67400
63700
66500
59200
66200
62200
64400
70800
66000
67200
64600
62700
66500
69700
70800
68700
64200
68400
61800
64900
63400
64300
65300
63600
69200
73300
69700
62800
65300
69200
66100
68900
59300
66700
64200
73500
66300
66100
60200
65100
68000
74300
68300
69400
61500
59600
70900
70800
67100
66600
63100
62500
72600
69400
66700
63700
72800
66500
67400
63300
68100
65900
63900
63100
66600
65500
68100
70700
61800
71400
67800
67000
70200
60400
66100
67900
67200
66800
69600
65000
65800
65800
71800
62300
64700
74300
64300
67300
64400
62100
67300
70000
66300
54300
66600
69000
