61600
68100
65700
66000
64700
68700
67200
64400
64700
57200
65300
65100
63600
67600
66700
69100
60600
65700
62800
64700
58700
66100
59800
63000
66700
68900
65500
61400
79500
66000
63100
58200
65700
70800
65600
59000
62000
63800
67300
64200
66000
63200
67300
61400
65900
63600
72300
60600
69100
63500
70200
64900
68800
67900
68300
65800
67400
62000
66600
59300
61700
66500
66800
67100
64800
69200
65000
72600
66700
66900
61500
68600
63700
66200
61700
69000
70400
63000
64500
64900
64700
67700
66300
65500
67300
68100
62900
65100
67200
64900
65500
68300
64100
68300
63700
64700
62300
67300
59000
56300
