62500
70100
67100
64000
62500
70600
64500
63200
69200
60200
71600
66700
57800
63800
59300
62900
74100
67900
65100
67300
64000
63300
64800
72400
64500
64300
58400
65800
68200
67400
67500
68200
68000
63300
67800
70700
62100
61600
63000
67300
66200
71200
67000
67300
71600
74000
67700
63800
63700
67600
63400
61800
67000
67100
68500
67100
69700
64900
68000
60900
65000
68500
64600
64000
68500
68900
68900
62800
63400
65900
61500
66100
64000
67300
61000
70800
63400
60200
63200
67000
70300
69300
64300
66200
65100
67600
61500
60500
56700
65200
64100
70400
64200
68700
68400
69100
67500
62300
65700
73700
66300
68400
68300
68400
66000
70300
67200
67400
62600
68300
64600
68200
62900
66700
70300
66700
72200
67700
62000
68600
66100
60600
65600
69300
71400
63200
67100
55400
62200
63000
69700
64000
71400
70800
76400
69100
65500
62000
66000
62400
60800
63800
68200
66100
62200
68000
70700
68900
62400
63700
65000
67100
66100
65900
64400
69800
56700
70200
66700
70700
