59100
62500
59000
56100
59300
58200
58300
61900
62800
62400
57600
56800
58600
54500
52200
57400
55800
57800
55200
55900
57800
54400
58700
58100
57300
59500
58000
56500
56600
60600
54000
60600
58700
56600
57700
61400
57700
54600
57200
57700
57000
53800
57200
62300
58800
61100
58300
57400
58300
58500
54200
55600
61200
57100
59100
57400
53100
59100
59500
55800
56000
57500
60700
55000
56600
61300
59200
58700
59300
56900
57200
62100
57800
56800
59700
64000
59800
55800
57400
59200
55100
62000
59300
58800
59300
53900
60200
58700
58400
60200
51900
62300
58000
57800
56900
57500
55400
58100
56300
55000
