90200
86300
77000
76500
88700
85900
81400
79700
73900
81500
80100
86200
85200
80600
84400
83800
85100
80800
88300
86500
77500
82200
88000
75800
87400
87900
83300
83100
80500
78800
81000
77500
88800
81400
85500
78600
81200
82900
77600
91200
89100
94200
81200
86400
83400
84800
78800
73300
76200
80700
93000
81000
85200
79000
83500
72900
73400
74400
75400
81800
78300
81200
80800
87600
81500
87800
84400
81600
87400
90500
82300
95900
80400
73200
75200
78700
73000
84500
92300
86500
81300
83100
85600
74800
87200
94200
82300
89800
82100
79300
87600
81800
80200
83200
90600
82000
87300
86800
79500
86300
83000
81100
86100
86700
81800
83600
83100
80900
78600
92200
80900
80300
79000
86700
82200
83000
69800
89500
80900
80800
78400
88200
90100
82100
91100
82500
89300
78800
88000
85200
80400
83600
80200
