17700
16400
13250
13800
17200
15900
15650
18450
16850
16000
13850
15050
14850
15600
15550
12600
15200
16950
17900
14250
16500
14650
21050
20550
14550
19100
14600
15650
19450
20850
18300
12200
15750
18950
10550
18200
14500
15000
18700
13500
17050
14500
12800
14250
13900
13300
16350
17950
17050
16350
15500
16700
15250
22200
17850
19200
15500
16450
14050
13900
16900
12700
11600
18800
16250
18650
16600
14300
19700
15150
15450
17700
14950
14650
13450
13750
16850
17350
14800
15150
16550
17500
13700
16600
16700
20100
16900
17950
14950
16800
18400
16700
14350
15850
21200
18050
16500
22000
11550
21350
