52400
51200
56800
54800
53400
51500
53800
54000
55800
55600
52800
54200
53600
51900
53300
54600
56500
52000
53600
56600
52600
53200
57200
55100
50900
55300
53500
52100
55900
52900
53400
55100
52200
53800
52800
55200
55100
55000
53600
52700
53700
55700
53300
51000
53800
53400
53500
54300
54600
54400
52500
53100
55800
55200
52700
53300
54500
53800
53200
53600
50200
53500
52100
53700
54600
54500
53700
52900
55000
53400
54200
54500
53100
52700
55700
52800
52200
54200
51900
53200
54400
53700
55200
54700
54700
54900
55600
53900
56700
57000
53400
56000
55300
52400
52300
59500
55400
53500
53300
55000
