58700
69000
66600
64500
67500
60600
62500
64300
63500
67100
63700
69100
62400
67000
69500
67800
65500
64200
63400
67900
67500
66000
66600
68100
75200
69700
66100
67200
72900
63400
65700
63800
70900
72700
60400
71400
69600
64800
62200
66700
69000
66800
62200
70000
69700
68400
66700
66100
60700
71500
64600
72200
62000
69000
59600
68800
66500
67800
65200
64500
65000
68400
77700
59500
66500
62500
64000
65300
65200
61400
69000
67400
68700
67000
69200
69300
71300
67100
70400
64600
54900
64600
62500
62200
60600
68000
64100
62100
67300
69700
69300
73300
69200
69000
62600
68200
62000
66400
71700
62100
