58000
57800
58400
57100
58900
54500
59700
56900
55100
62300
58400
58800
57900
57900
53700
55100
56700
55800
56500
58900
53100
59600
59300
57300
60300
57300
56900
57400
58700
58600
59100
55500
57400
55000
60900
60000
57800
59800
56100
60000
55600
54800
61400
57700
55200
61800
57300
59400
60600
56300
58500
59100
61000
56800
59900
57100
54100
63200
54500
60000
59600
60900
58500
58100
59600
54800
56800
54800
62500
54300
54500
61200
55800
55300
56800
54800
59600
53300
57800
61400
60000
57500
59700
57300
58200
60300
57900
59600
58800
61600
59500
62300
56300
57600
56400
60100
58400
60200
52800
59100
