68300
66900
68600
60700
66000
66000
68800
70400
71400
65300
66300
67300
68700
71600
67400
61800
71000
64900
73500
70100
62700
68600
70600
68000
59900
66600
69400
66100
64400
72100
69300
70800
65600
63400
64500
63700
65600
62800
68200
69100
68100
70900
67400
59200
70600
64700
60300
62400
66800
72400
72100
68900
66000
66800
67600
74300
74600
70700
71300
71700
66700
66200
64800
67900
64900
71600
57900
65900
66500
68500
63500
67600
65000
64600
64400
67400
68800
68300
68000
61300
65500
65300
64400
70100
66200
66800
65200
68100
65800
64700
65600
63600
71300
67600
71200
65800
67300
74000
68400
70600
