68500
64100
67300
66800
62100
65900
61700
67300
68100
67900
67100
70900
67300
68000
62300
63100
67500
67300
65200
67500
69700
66100
74200
66500
67000
66500
69700
60800
62200
65300
64800
66300
67200
66300
62900
69900
62400
65000
71600
65000
74200
70800
67400
67900
67000
64300
71000
64600
67400
62900
67000
58400
66800
66700
66200
63300
62900
64200
68100
67000
63200
62800
66600
73400
63900
72800
60400
61700
67400
61800
64900
65400
59200
67900
65000
66500
65000
67500
61300
64400
71500
68800
64600
71400
55900
65400
65100
69300
62500
64200
69000
60300
62700
70600
62200
70100
72800
66900
73200
72900
68300
62200
65800
63400
70700
68300
