87400
85300
88000
80200
94100
86500
93400
71800
72500
87800
81500
85300
75000
81400
77100
90600
91500
79300
88700
91200
79300
85100
85200
87000
87400
81400
93000
83300
89500
75900
72600
75800
85700
80900
77700
74300
85900
86600
85500
87400
79100
86700
79300
79300
87000
79000
84400
81300
83600
82500
77200
85500
88900
83800
82100
73200
82600
83500
78000
83800
86700
83300
80000
83300
87500
91100
76500
88600
94400
79800
84700
75400
89300
88500
91600
75700
83100
80500
76200
87500
80200
89200
91000
82400
88000
84800
74400
83500
76200
81400
88600
90400
86500
80300
80600
85300
93000
88500
83600
88000
84900
86500
87000
86500
77500
87300
83100
85200
89500
88700
92400
84600
74000
86100
83300
89300
82300
88500
82300
79800
84400
80000
98700
85300
87100
87800
83100
83200
81400
82700
74200
79400
82600
