15650
16050
11850
14300
15350
15650
17850
15450
15100
14750
11400
18950
17650
15550
21600
18200
15350
18550
20150
16450
15700
22300
15450
12700
17450
15750
21850
12150
13550
13900
15900
16350
18700
16750
23900
16300
18850
12850
18150
17500
8450
17700
14350
19000
15200
15600
16650
17800
15400
13200
18750
14450
12650
11200
14350
15600
13450
15350
14150
16400
20500
16850
14250
16050
14150
15050
16750
15400
15700
16300
18250
17350
18500
18150
18450
18300
20750
16700
15500
14550
12350
16950
12600
18050
13350
17350
14800
17600
12400
22400
14850
15900
16000
15100
17150
16100
15650
14400
16650
20250
