18600
16550
15250
19950
14550
18600
18600
17800
14600
21050
17850
15750
13300
19550
19600
20700
15800
21400
18250
18000
17250
19400
18350
17800
14150
15800
14950
16100
17850
20450
16100
15150
17600
13900
19100
13550
16700
19700
15700
16150
15000
16850
18500
18650
14950
16850
20600
19150
14600
16400
15450
16600
15000
16100
17450
18250
18400
16150
16400
15600
16800
12400
20800
16650
17950
18000
17750
13850
18250
14450
15000
19250
17400
15900
20300
16050
16550
18750
16700
20650
14000
15900
18100
16150
18850
16400
17200
16600
12550
15700
18800
15050
17250
13900
13000
16400
18550
17900
17750
17750
