68500
73300
65500
68000
64300
60300
66300
66600
66000
68300
68600
67800
67600
64000
62300
70200
70200
64600
71600
66300
65100
67200
61600
67700
69500
73500
67400
67000
62300
64300
68800
63500
63100
69900
69500
67500
68900
69100
64800
66100
66600
62900
62000
65100
65600
66100
63300
69200
68400
62600
61800
58900
62300
63300
73100
70300
64300
66200
64200
64300
66600
76700
65800
68000
63400
61500
69400
73000
69900
65100
68700
68200
66900
67000
68400
70000
66100
64900
65100
63200
69000
67400
67400
69700
60500
68600
71300
67100
73500
65400
66900
64000
73300
66900
64200
66100
63500
73000
67900
69600
64500
62200
66600
70200
65500
65800
