52700
53200
54600
53700
55200
54400
51300
54100
55300
56100
54600
53300
55400
57000
54500
53800
53400
52200
54900
54400
54300
56400
59100
52900
54600
54700
56400
55500
56600
56600
58500
49900
52800
53800
54900
55100
54600
56700
52400
52800
53400
54000
53200
55800
54500
49100
54700
55000
54300
55700
56700
52700
53900
54800
52400
56700
54700
52700
52000
54100
55200
55500
53700
53700
57200
51500
54200
50300
59200
54700
54200
53500
54300
56000
55000
54500
56400
53900
56200
55600
54800
53900
52600
52200
53600
55800
53700
51400
51500
54500
53800
49600
53400
56400
52100
53800
56700
52800
57200
54100
