69700
62500
65200
67200
74000
73300
65500
66700
69400
71800
68500
70100
64300
65800
67400
69400
73100
66000
65400
64600
66100
67100
66900
70100
69400
63800
68700
63600
59400
62900
70600
63900
65800
75200
67700
65500
63900
66000
62000
62100
71000
62800
68500
61500
67300
69400
67500
68300
68800
69900
67900
69200
60900
60700
70300
67400
67200
66900
67600
59500
65100
68000
69000
69400
68200
71700
71900
67600
66300
67000
67700
63600
63200
62900
61500
68500
70000
68600
61400
59900
68000
68200
66100
68000
67800
58600
66700
69400
65700
68700
68900
60000
66300
69100
65600
67500
63300
67100
69300
71400
