22500
16200
17700
22200
23000
28600
24800
14200
27600
24200
27500
24900
33300
16800
26600
19400
25200
36100
25600
17700
16600
18500
19600
33100
13600
21800
24500
21400
34600
26800
25500
27200
23100
15600
28600
27400
28000
34700
31000
26800
24600
27600
19000
21300
25400
29000
28900
24400
19800
22700
19900
27000
28700
27500
22800
22800
26000
28100
21700
22700
20700
25200
24200
24200
19300
25800
17500
21700
29100
25200
26900
21100
24000
22700
29200
23800
27000
18300
23500
30900
26000
23300
24100
22600
21600
24300
32100
21100
28600
21000
21400
28900
17300
23400
24900
17200
23300
26400
18300
20800
24400
26000
29200
20100
21400
30600
24700
24400
21500
23700
26200
34000
25800
24900
21400
27200
19400
28400
19300
34000
18000
12900
23600
26100
26000
26300
18800
29700
24200
24400
21300
31600
28600
20300
31300
30100
24900
20000
20700
24900
27100
23600
23400
23600
25000
27000
26600
15500
29500
29200
26900
27800
24700
25200
19800
27900
22100
19900
22700
17200
