32400
40700
39500
34900
42100
38500
30600
36200
42900
35700
39100
34700
36000
40100
38000
35600
40500
38000
32900
32700
39800
36900
37100
35000
35500
31500
38000
33900
38100
38100
33200
37000
39800
38800
36700
41700
36900
34800
37700
36000
39200
31800
40200
37400
40200
31800
35600
41800
32200
34600
40400
38700
37700
32100
37900
39800
37300
32200
35300
38300
38800
33100
35700
35700
36600
34700
43300
35000
40100
39300
38300
35800
40500
35000
33900
35000
34100
36500
36400
35900
38900
37800
36600
39500
32300
32100
35400
35600
35000
39000
40200
37400
40200
38200
35300
41700
31000
31400
42400
34300
