20300
28300
15100
13000
31800
20700
26900
15100
18100
20500
23500
23200
21500
16000
24500
27500
24100
23400
17300
23900
20500
27300
25800
27200
20700
24300
25500
19300
19300
25800
16800
22500
26900
26700
23800
25900
28500
34100
17500
13300
18900
18200
25700
15100
24000
18000
23900
26700
19600
26700
20400
25700
20900
32900
25500
28300
17400
19800
29900
29600
18800
14100
20600
21300
19300
13000
30900
22800
24300
20300
26900
24400
21200
23800
20700
16800
21600
15200
29200
29200
16800
21000
20700
23500
29400
25700
29200
21100
24700
28500
31900
18600
27000
27100
27400
22300
25100
29000
18900
20300
