21600
28800
25100
25400
30400
22500
20900
23900
20100
19400
28400
27900
22800
19300
22100
20100
25200
28100
18100
27700
18400
24000
23900
26800
29900
25900
17700
20100
20900
22500
17800
24700
27500
23200
22700
21600
16800
16800
23000
17600
26700
23100
22000
24000
20200
21100
21400
27100
23300
26000
24700
23300
27800
39200
15900
21300
17100
30300
26500
25700
20000
16500
24300
29400
20400
29900
18400
22800
35200
18800
16600
20200
21400
17600
24400
20600
22500
24900
28900
20600
19600
20400
25500
26900
29200
19400
20700
22200
17100
31600
21900
17200
18300
20600
27500
25000
26600
29300
21700
15000
31500
25500
23200
20200
25900
17900
25300
29600
22200
25100
17900
23400
26700
29300
26300
25600
22500
21900
17900
23600
17700
17500
21500
21300
17500
21900
29400
16700
23300
32000
20100
18700
21300
22000
31600
18200
21700
13200
24900
27700
28100
26500
25000
26400
25200
13000
24300
21100
21100
26400
29600
23400
30300
18800
29200
26900
23700
30700
16800
17200
