29000
18100
18500
18900
24900
28500
30600
25600
29300
24500
24000
23600
26000
26800
19500
23500
26000
21500
22300
22800
29800
23600
25000
19500
25900
24300
26200
30200
32300
20800
21000
16500
18300
18500
25500
27800
29000
18200
15100
34600
31900
24300
24400
25900
21400
20900
25700
27500
22600
23500
25000
22100
19400
25800
24400
22500
18900
30500
27900
22300
23400
19600
15400
25900
33400
28000
26400
19700
32500
26000
29000
22000
24100
28800
14800
22200
23000
20600
18000
15100
20300
23300
20100
16800
25800
28600
30000
19800
20200
22100
23800
22400
35500
23100
21300
25000
29400
24700
27700
19400
26100
23400
24100
23200
29300
20700
