46300
45800
45900
42200
42800
42000
41000
38500
45900
43600
46400
46500
42600
44500
48900
43400
42100
43200
44500
41800
47700
42300
46800
46200
41300
46700
42800
42600
48000
44800
47200
45700
42200
39400
45400
41800
41800
43400
42500
43800
40900
46200
43300
42900
42000
41900
42900
45300
44700
40500
41100
42500
46500
43900
43500
43000
44700
40200
45300
44000
44800
42200
44900
44800
46800
45600
46500
45800
43500
43600
43500
44200
44900
43800
44800
38700
45300
41600
44200
42900
43400
43500
43400
42000
37500
46100
41000
41800
44600
41800
44100
43000
40300
41800
43400
41700
38000
46400
44900
44800
