38600
39000
39800
38100
39300
35500
34900
35600
43400
35700
31500
36600
37800
34700
44000
39800
32900
36900
36700
37900
38800
38000
36400
33700
37600
35900
36700
32900
34400
43400
32500
31500
37600
31700
34300
41100
39600
42600
37600
34700
37500
41200
34800
35600
41600
39000
30600
36100
35900
36400
35100
36900
40600
37600
37800
39300
34000
38300
35200
38000
37400
39200
41200
41500
38600
37400
36300
39400
39300
35000
35700
34700
30300
43100
37800
32600
37300
39300
36200
39600
41700
36200
32700
37800
38500
34800
36800
36500
33900
38600
42100
34200
39600
36600
42400
35200
39500
38300
35900
35000
