21300
20400
23100
30000
23700
27800
25900
20700
24300
23400
19900
18800
20300
23800
27600
24500
31200
27200
23700
19400
22300
18400
22500
27400
33000
22400
19100
16200
22400
19900
21600
35300
21300
27500
24900
23500
25700
19200
21500
25900
29500
32600
25300
21000
18600
18000
26200
24300
32900
24800
26700
31400
16000
24100
16700
17900
25000
26600
24200
30000
21300
31800
24900
17900
26400
27200
24100
24900
23700
25200
21900
27700
17800
26900
23700
27200
23100
26400
22200
27800
21200
15800
29100
20000
23800
21400
22100
20100
20900
23000
26500
23700
19500
26700
15000
19400
34400
22700
25500
26200
