28900
24600
24600
20500
22000
28300
25700
24200
21800
22500
23400
19500
31000
27300
27200
26000
19200
20200
24700
24300
20900
21700
29800
28600
30100
22100
24200
28100
20800
14100
17000
15800
25300
25100
33700
30400
21800
22600
17600
21700
21400
21200
28400
25000
18600
22500
21000
16600
19700
26100
15500
23900
21100
35300
20400
20900
24800
20400
22500
31600
23200
20100
19100
23400
24900
28500
20800
25000
24400
17000
27500
15800
18200
20900
21400
31700
30200
14500
24400
29400
24200
20000
25900
24800
15700
21800
30400
18300
25200
23900
15200
27500
27900
21600
22900
26900
25900
26900
23500
23000
