38400
43300
43000
41900
44900
43500
40400
47400
49800
45300
44500
43100
44000
41200
45300
47400
42700
39900
44700
43100
44200
43800
45000
44200
39600
43300
42200
41700
42000
44200
43900
40100
45700
44700
41300
43700
40800
42300
38000
45300
44300
43300
46200
45200
42900
44200
44500
42700
43800
41600
43400
44000
42300
46000
43300
43300
41700
47500
44100
41800
47500
44300
44000
45900
46700
46100
47100
41700
44100
43900
42500
42000
43200
44600
43600
42000
44000
43600
40400
42700
44300
41500
47600
41100
43300
44700
43200
42800
46000
45000
42500
42300
43500
40000
46500
45200
45900
40900
41000
43200
