31400
28300
21100
25600
19400
17600
26900
22900
24800
16500
20500
20600
28100
34300
18600
27900
19900
25500
22400
23800
15800
24500
21100
18000
19100
22100
28700
26700
28900
24500
23600
22300
22700
28100
26300
27400
22100
13800
22700
18600
16300
20700
24900
23500
24500
18600
23400
27700
25900
24700
21900
27300
21100
24900
20500
22900
20900
23600
25800
22700
26500
32500
26100
21300
26200
18900
23500
30100
31900
31900
20600
27000
15700
25500
23500
24100
29300
25800
29000
15600
24300
22900
26200
30600
23200
24200
27100
25000
27600
25000
14600
18400
26200
18000
29500
18500
17500
33200
22000
23000
