17100
25000
22500
20600
35300
29000
25900
21600
20500
22100
21200
27000
18600
23000
18200
21100
17600
32700
21800
21400
22400
20700
18900
23200
29100
29900
28900
22500
25700
25300
22900
15900
18800
21600
29000
20500
23300
24500
21000
18500
28900
18800
29500
26700
18600
29100
19900
19500
12500
29600
19400
20800
20600
31200
23400
19100
15700
17800
18500
19100
22100
25500
16500
27300
13600
28800
19400
25700
13800
19600
14400
21300
24700
23400
11400
25100
13400
23400
23700
20800
25000
25500
27500
20900
23700
27400
25100
27200
16200
13500
23500
18400
21000
23000
21300
23000
29500
25200
25400
23800
28300
21600
22700
21900
23000
18500
