11045
11465
11575
11155
11370
11335
10795
11510
11290
11355
11265
11155
11575
11230
11485
11640
11605
11280
10775
11510
11180
11370
11170
11365
11160
11430
11025
10810
10865
11175
10895
11125
11120
11155
11530
11405
11365
10995
11350
11105
11590
11730
11565
10945
11175
11235
11415
11375
11015
11665
11270
11395
11625
11055
11390
11625
11245
11615
11045
11235
11355
11455
11130
11455
11415
11460
11845
11510
10700
11585
11350
11305
11450
11115
11740
11655
11010
11430
11775
11660
11275
11345
11175
11120
11325
11600
11495
11600
11345
10985
11450
11295
11220
11150
11430
11320
11155
11045
10970
11610
