10535
10592
10735
10780
10585
10917
10582
10482
10477
10710
10640
10787
10860
10637
10640
10545
10415
10545
10695
10480
10565
10545
10645
10532
10652
10642
10757
10602
10567
10460
10470
10660
10495
10477
10615
10725
10710
10612
10595
10657
10587
10680
10422
10645
10625
10627
10530
10462
10737
10670
10762
10572
10542
10562
10685
10787
10497
10652
10517
10535
10552
10585
10640
10807
10785
10707
10557
10645
10640
10515
10482
10820
10537
10570
10525
10680
10717
10507
10850
10722
10525
10692
10972
10620
10907
10705
10597
10640
10870
10527
10690
10730
10762
10430
10710
10435
10460
10665
10662
10545
