21900
22900
23000
27150
21050
23100
26050
21650
23700
29300
21750
28600
19000
24850
23150
24450
23300
18950
25350
23650
18850
22550
21750
22300
26200
21300
23250
21850
20350
23250
23950
20050
24550
23650
20300
20000
18200
21950
26700
27100
20050
24250
23250
24700
17650
20550
19150
21650
26150
23350
19950
21850
21300
22200
22700
24900
26550
25150
22350
21700
23650
23200
26500
20500
27650
26150
21700
27950
20150
21550
25950
22750
21600
25250
20950
23450
23550
18800
23050
24050
18350
24450
23200
19250
26500
21750
19300
22100
24450
25100
19900
20400
22700
20750
20150
23050
26200
25400
25400
20600
