23600
23250
25200
27700
20000
18850
24500
21100
17700
15200
22950
23750
25350
22100
24750
19450
19550
20000
21150
21000
19200
24500
23600
22850
24400
25950
23800
25450
23700
21100
23700
20850
19750
27700
26750
24250
26750
23850
25700
23550
25800
21750
22950
25650
22600
23650
23000
22300
23050
24000
20900
20500
22700
20500
23450
24200
21550
23100
19200
25450
24400
25050
22850
23750
23800
21850
16500
18850
19300
23050
25250
22950
24350
23050
18300
23000
20200
22900
22100
19100
21200
28750
27950
23000
22550
20050
22150
22950
21950
21850
22300
19800
22000
20900
25050
22850
23150
19950
23850
24450
